time_sec,value
1.143260,146.419027
1.270289,146.419027
1.397318,146.675575
1.524347,146.675575
1.651376,146.761090
1.778405,146.761090
1.905434,146.761090
2.032463,146.761090
2.159492,146.761090
2.286521,146.761090
2.413550,146.761090
2.540579,146.761090
2.667608,146.761090
2.794637,146.761090
2.921665,146.932122
3.048694,146.932122
3.175723,147.274185
3.302752,147.274185
3.429781,147.274185
3.556810,147.274185
3.683839,148.043827
3.810868,148.043827
3.937897,148.043827
4.064926,148.043827
4.191955,148.043827
4.318984,148.043827
4.446013,148.043827
4.573042,148.043827
4.700071,147.958311
4.827100,147.958311
4.954128,147.958311
5.081157,147.958311
5.208186,147.872795
5.335215,147.872795
6.224418,145.948691
6.351447,145.991448
6.478476,146.034206
6.732534,146.461785
6.859562,146.504543
6.986591,146.504543
7.113620,146.504543
7.240649,146.504543
7.367678,146.504543
7.494707,146.504543
7.621736,146.504543
7.748765,146.504543
7.875794,146.504543
8.002823,146.419027
8.129852,146.419027
8.256881,146.333511
8.383910,146.333511
8.510939,146.247996
8.637968,146.247996
8.764996,146.247996
8.892025,146.247996
9.019054,144.238375
9.146083,144.238375
9.273112,144.238375
9.400141,144.238375
9.527170,144.238375
9.654199,144.238375
9.781228,144.238375
10.162315,143.639765
10.289344,143.682523
10.416373,143.682523
10.670430,144.067344
10.797459,144.110102
10.924488,144.110102
11.051517,144.110102
11.178546,144.110102
11.305575,144.110102
11.432604,144.110102
11.559633,144.110102
11.813691,145.948691
11.940720,145.991448
12.067749,145.991448
12.194778,145.991448
12.321807,145.991448
12.448836,145.991448
12.575865,146.461785
12.702893,146.504543
12.829922,146.504543
12.956951,146.504543
13.083980,146.504543
13.211009,146.504543
13.338038,146.504543
13.465067,146.504543
13.592096,146.247996
13.719125,146.247996
13.846154,145.905933
13.973183,145.905933
19.308398,146.846606
19.435427,146.974880
19.562456,147.017638
19.689485,147.017638
19.816514,147.017638
19.943543,147.017638
20.070572,147.017638
20.197601,147.017638
20.324629,147.017638
20.451658,147.017638
20.578687,147.017638
20.705716,147.017638
20.832745,147.017638
20.959774,146.761090
21.086803,146.761090
21.213832,146.761090
21.340861,146.761090
21.467890,146.761090
21.594919,146.761090
21.721948,146.205238
21.848977,146.034206
21.976006,146.034206
22.103035,144.238375
22.230064,144.238375
22.357092,144.238375
22.484121,144.238375
22.611150,144.238375
22.738179,144.238375
22.865208,144.152859
22.992237,144.152859
23.119266,144.152859
23.246295,144.152859
23.373324,144.152859
29.724771,144.238375
29.851800,144.238375
29.978829,144.238375
30.105857,144.238375
30.232886,144.238375
30.359915,144.238375
30.486944,144.238375
30.613973,144.238375
30.741002,144.238375
30.868031,144.238375
30.995060,144.238375
31.122089,144.238375
31.249118,144.238375
31.376147,144.238375
31.503176,144.067344
31.630205,144.067344
31.757234,144.067344
31.884263,144.067344
32.011291,144.067344
32.138320,144.067344
32.265349,144.067344
32.392378,144.067344
32.519407,144.067344
32.646436,144.067344
32.773465,143.896312
32.900494,143.896312
33.027523,143.383218
33.154552,143.383218
33.281581,143.383218
33.408610,143.383218
33.535639,144.238375
33.662668,144.238375
33.789697,144.238375
33.916725,144.238375
34.043754,144.238375
34.170783,144.238375
34.297812,144.238375
34.424841,144.238375
37.346507,146.718332
37.473536,146.761090
37.600565,146.761090
37.727594,146.761090
37.854622,146.761090
37.981651,146.761090
38.108680,146.761090
38.235709,146.761090
38.362738,146.718332
38.489767,146.718332
38.616796,146.718332
38.743825,146.718332
38.870854,146.718332
38.997883,146.718332
39.887085,144.152859
40.014114,144.152859
40.141143,144.152859
40.268172,144.152859
40.395201,144.152859
40.522230,144.152859
40.649259,144.238375
40.776288,144.238375
40.903317,144.238375
41.030346,144.238375
41.157375,144.238375
41.284404,144.238375
41.411433,144.238375
41.538462,144.238375
45.222301,144.238375
45.349330,144.238375
45.476359,144.238375
45.603387,144.238375
45.730416,144.238375
45.857445,144.238375
45.984474,144.238375
46.111503,144.238375
46.238532,144.238375
46.365561,144.238375
46.492590,144.195617
46.619619,144.152859
46.746648,144.238375
46.873677,144.238375
47.000706,144.238375
47.127735,144.238375
47.254764,144.238375
47.381793,144.238375
47.508821,144.238375
47.635850,144.238375
49.033169,146.205238
49.160198,146.205238
49.287227,146.205238
49.414255,146.205238
49.541284,146.205238
49.668313,146.205238
49.795342,146.205238
49.922371,146.205238
50.303458,146.205238
50.430487,146.205238
50.557516,146.205238
50.684545,146.205238
50.811574,146.205238
50.938603,146.205238
51.065632,146.205238
51.192661,146.205238
51.573747,144.238375
51.700776,144.238375
51.827805,144.238375
51.954834,144.238375
52.081863,144.238375
52.208892,144.238375
52.335921,144.238375
52.462950,144.238375
52.589979,144.238375
52.717008,144.238375
55.384615,144.238375
55.511644,144.238375
55.638673,144.238375
55.765702,144.238375
55.892731,144.238375
56.019760,144.238375
56.146789,144.238375
56.273818,144.238375
56.400847,144.238375
56.527876,144.238375
56.654905,144.238375
56.781934,144.238375
56.908963,144.238375
57.035992,144.238375
57.163020,144.238375
57.290049,144.238375
57.417078,144.195617
57.544107,144.152859
57.671136,144.152859
57.798165,144.152859
57.925194,144.152859
58.052223,144.152859
58.179252,144.152859
58.306281,144.152859
58.433310,144.152859
58.560339,144.152859
58.687368,143.939070
58.814397,143.383218
58.941426,143.383218
59.068454,143.383218
59.195483,143.425975
59.322512,143.896312
59.449541,144.238375
59.576570,144.238375
59.703599,144.238375
59.830628,144.238375
59.957657,144.238375
60.084686,144.238375
60.211715,144.238375
60.338744,144.238375
60.465773,144.110102
64.149612,144.238375
64.276641,144.238375
64.403670,144.238375
64.530699,144.238375
64.657728,144.238375
64.784757,144.238375
64.911785,144.238375
65.038814,144.238375
65.165843,144.238375
65.292872,144.238375
65.419901,143.297702
65.546930,143.297702
65.673959,143.383218
65.800988,143.383218
65.928017,143.383218
66.055046,143.383218
66.182075,143.383218
66.309104,143.383218
66.436133,143.383218
66.563162,143.383218
66.690191,143.383218
66.817219,143.383218
66.944248,143.810796
67.071277,143.853554
67.198306,143.896312
67.325335,143.896312
67.452364,143.896312
67.579393,143.939070
67.706422,144.238375
67.833451,144.238375
67.960480,144.238375
68.087509,144.238375
68.214538,144.238375
68.341567,144.238375
68.468596,144.238375
68.595625,144.238375
68.722653,144.238375
68.849682,144.238375
68.976711,144.238375
69.103740,144.238375
69.230769,144.238375
69.357798,144.238375
69.484827,144.238375
69.611856,144.238375
69.738885,144.238375
69.865914,144.238375
69.992943,144.238375
70.119972,144.238375
70.247001,144.238375
70.374030,144.238375
70.501059,144.067344
70.628088,144.067344
70.755116,144.067344
70.882145,144.110102
71.009174,144.152859
71.136203,144.152859
71.263232,144.152859
71.390261,144.152859
71.517290,144.152859
71.644319,144.152859
71.771348,144.152859
71.898377,144.152859
72.025406,144.152859
72.152435,144.152859
72.279464,144.067344
72.406493,144.067344
72.533522,143.126670
72.660550,143.126670
72.787579,143.126670
72.914608,143.126670
73.041637,143.468733
73.168666,143.468733
73.295695,143.896312
73.422724,143.896312
73.549753,143.896312
73.676782,143.896312
73.803811,144.067344
73.930840,144.067344
74.057869,144.152859
74.184898,144.152859
74.311927,144.152859
74.438956,144.152859
74.565984,144.238375
74.693013,144.238375
74.820042,144.238375
74.947071,144.238375
75.074100,144.238375
75.201129,144.238375
75.328158,144.238375
75.455187,144.238375
75.582216,144.238375
75.709245,144.238375
75.836274,144.238375
75.963303,144.238375
76.090332,144.238375
76.217361,144.238375
76.344390,143.639765
76.471418,143.639765
76.598447,143.639765
76.725476,143.639765
76.852505,142.357028
76.979534,142.357028
77.106563,142.357028
77.233592,142.357028
77.360621,142.870123
77.487650,142.870123
77.614679,143.126670
77.741708,143.126670
77.868737,143.725281
77.995766,143.725281
78.122795,143.725281
78.249824,143.725281
78.376853,143.725281
78.503881,143.725281
78.630910,144.238375
78.757939,144.238375
78.884968,144.238375
79.011997,144.238375
79.139026,144.238375
79.266055,144.238375
79.393084,144.238375
79.520113,144.238375
79.647142,144.238375
79.774171,144.238375
79.901200,144.238375
80.028229,144.238375
80.155258,143.639765
80.282287,143.639765
80.409315,143.639765
80.536344,143.639765
80.663373,143.639765
80.790402,143.639765
80.917431,143.639765
81.044460,143.639765
81.171489,143.639765
85.236415,143.383218
85.363444,143.383218
85.490473,143.383218
85.617502,143.383218
85.744531,143.383218
85.871560,143.383218
85.998589,143.383218
86.125618,143.383218
86.252646,143.383218
86.379675,143.383218
86.506704,143.212186
86.633733,143.212186
86.760762,143.212186
86.887791,143.212186
87.014820,143.212186
87.141849,143.212186
87.268878,143.126670
87.395907,143.126670
87.522936,142.528060
87.649965,142.528060
87.776994,143.126670
87.904023,143.126670
88.031052,143.126670
88.158080,143.126670
88.285109,143.126670
88.412138,143.126670
88.539167,143.126670
88.666196,143.126670
88.793225,143.126670
88.920254,143.126670
89.047283,143.126670
89.174312,143.126670
89.301341,142.870123
89.428370,142.870123
89.555399,144.067344
89.682428,144.067344
89.809457,144.152859
89.936486,144.152859
90.063514,144.238375
90.190543,144.238375
90.317572,144.238375
90.444601,144.238375
90.571630,144.238375
90.698659,144.238375
90.825688,144.238375
90.952717,144.238375
91.079746,144.238375
91.206775,144.238375
91.333804,144.238375
91.460833,144.238375
91.587862,144.238375
91.714891,144.238375
91.841920,144.238375
91.968948,144.238375
93.112209,147.487974
93.239238,147.659006
93.366267,147.659006
93.493296,147.659006
93.620325,147.659006
93.747354,147.659006
93.874382,147.659006
94.001411,147.659006
94.128440,147.659006
94.255469,148.172100
94.382498,148.172100
94.509527,148.257616
94.636556,148.257616
94.763585,148.257616
94.890614,148.257616
95.017643,148.257616
95.144672,148.257616
95.271701,148.257616
95.398730,148.257616
95.525759,148.257616
95.652788,148.257616
95.779817,148.257616
95.906845,148.257616
96.033874,148.214858
96.160903,148.172100
96.287932,147.744522
96.414961,146.974880
96.541990,146.974880
96.669019,146.974880
96.796048,146.974880
96.923077,146.889364
97.050106,146.889364
97.177135,143.639765
97.304164,143.639765
97.431193,143.554249
97.558222,143.554249
97.685251,142.100481
97.812279,142.100481
97.939308,141.416355
98.066337,138.765366
98.193366,138.765366
98.320395,138.765366
98.447424,138.765366
98.574453,138.765366
98.701482,138.765366
98.828511,137.995724
98.955540,137.995724
99.082569,137.995724
99.209598,137.995724
99.336627,137.995724
99.463656,137.995724
99.590685,137.995724
99.717713,137.995724
99.844742,137.995724
99.971771,137.995724
100.098800,137.995724
100.225829,137.995724
100.352858,138.508819
100.479887,138.508819
100.606916,138.508819
100.733945,138.508819
100.860974,138.508819
100.988003,138.508819
101.115032,138.508819
101.242061,138.508819
101.369090,138.508819
101.496119,138.508819
102.385321,138.166756
102.512350,138.166756
102.639379,138.252272
102.766408,138.252272
102.893437,138.252272
103.020466,138.252272
103.147495,138.252272
103.274524,138.252272
103.401553,138.252272
103.528582,138.252272
104.417784,138.765366
104.544813,138.765366
104.671842,138.765366
104.798871,138.765366
104.925900,138.765366
105.052929,138.765366
105.179958,138.765366
105.306987,138.765366
105.688073,138.594335
105.815102,138.594335
105.942131,138.594335
106.069160,138.594335
106.196189,138.594335
106.323218,138.594335
106.450247,138.594335
106.577276,138.594335
106.704305,138.594335
106.831334,138.594335
106.958363,138.594335
107.085392,138.594335
107.212421,138.594335
107.339450,138.594335
107.720536,138.508819
107.847565,138.508819
107.974594,138.508819
108.101623,138.508819
108.228652,138.508819
108.355681,138.508819
108.482710,138.508819
108.609739,138.508819
110.261115,139.107429
110.388144,139.107429
110.515173,139.107429
110.642202,139.107429
110.769231,139.107429
110.896260,139.107429
111.023289,139.107429
111.150318,139.107429
111.277347,137.482630
111.404375,137.482630
111.531404,137.482630
111.658433,137.482630
111.785462,137.482630
111.912491,137.482630
112.293578,137.226082
112.420607,137.226082
112.547636,137.311598
112.674665,137.311598
112.801694,137.311598
112.928723,137.311598
113.055752,137.824693
113.182781,137.824693
113.309809,138.337787
113.436838,138.337787
113.563867,138.337787
113.690896,138.337787
113.817925,138.337787
113.944954,138.337787
114.071983,138.337787
114.199012,138.337787
114.326041,138.337787
114.453070,138.337787
114.580099,138.337787
114.707128,138.337787
114.834157,137.482630
114.961186,137.482630
115.088215,137.482630
115.215243,137.482630
115.342272,137.482630
115.469301,137.482630
115.596330,137.482630
115.723359,137.482630
115.850388,137.824693
115.977417,137.824693
116.104446,137.824693
116.231475,137.824693
116.358504,137.910208
116.485533,137.910208
116.612562,137.910208
116.739591,137.910208
116.866620,138.337787
116.993649,138.337787
117.120677,139.021913
117.247706,139.021913
117.374735,139.021913
117.501764,139.021913
117.628793,139.021913
117.755822,139.021913
117.882851,139.021913
118.009880,139.021913
120.423430,140.903260
120.550459,140.903260
120.677488,140.903260
120.804517,140.903260
120.931546,140.903260
121.058574,140.903260
121.185603,140.903260
121.312632,140.903260
121.439661,140.817745
121.566690,140.817745
128.299224,138.850882
128.426253,138.850882
128.553282,139.107429
128.680311,139.107429
128.807339,139.107429
128.934368,139.107429
129.061397,139.107429
129.188426,139.107429
129.315455,139.107429
129.442484,139.107429
129.569513,139.107429
129.696542,139.107429
129.823571,139.107429
129.950600,139.107429
130.077629,139.107429
130.204658,139.107429
130.331687,142.185997
130.458716,142.185997
130.585745,142.185997
130.712773,142.185997
130.839802,142.185997
130.966831,142.185997
131.093860,142.185997
131.220889,142.185997
131.347918,142.185997
131.474947,142.185997
131.601976,142.185997
131.729005,142.185997
131.856034,142.185997
131.983063,142.185997
132.110092,142.100481
132.237121,142.100481
132.364150,138.295029
132.491179,138.081240
132.618207,138.081240
132.745236,138.081240
132.872265,138.081240
132.999294,138.081240
133.126323,138.081240
133.253352,138.081240
133.380381,138.081240
133.507410,138.081240
133.634439,138.081240
133.761468,138.081240
133.888497,138.081240
134.015526,138.081240
134.142555,138.038482
134.269584,137.995724
134.396613,137.952966
136.047989,137.568145
136.175018,137.568145
136.302047,137.824693
136.429076,137.824693
136.556104,137.824693
136.683133,137.824693
136.810162,138.765366
136.937191,139.107429
137.064220,139.107429
137.191249,139.107429
137.318278,139.107429
137.445307,139.107429
137.572336,139.107429
137.699365,139.107429
137.826394,138.765366
137.953423,138.722608
142.399435,138.081240
142.526464,138.081240
142.653493,138.081240
142.780522,138.081240
142.907551,138.081240
143.034580,138.081240
143.161609,138.081240
143.288638,138.081240
143.415667,138.508819
143.542696,138.508819
143.669725,138.508819
143.796754,138.508819
143.923783,139.021913
144.050812,139.021913
144.177841,139.021913
144.304869,139.021913
144.431898,139.021913
144.558927,139.021913
144.685956,139.021913
144.812985,139.021913
144.940014,139.021913
145.067043,139.021913
145.194072,138.252272
145.321101,138.252272
145.448130,138.252272
145.575159,138.252272
145.702188,137.311598
145.829217,137.311598
145.956246,136.285409
146.083275,136.285409
146.210303,136.285409
146.337332,136.285409
146.464361,136.285409
146.591390,136.285409
146.718419,136.199893
146.845448,136.199893
146.972477,136.028862
147.099506,136.028862
147.226535,136.028862
147.353564,136.028862
149.513056,136.285409
149.640085,136.285409
149.767114,136.285409
150.021171,137.482630
150.148200,137.482630
150.275229,137.568145
150.402258,137.568145
150.529287,137.568145
150.656316,137.568145
150.783345,137.568145
150.910374,137.568145
151.037403,137.568145
151.164432,137.568145
151.291461,137.568145
151.418490,137.568145
151.545519,137.568145
151.672548,137.568145
151.799577,136.541956
151.926606,136.541956
152.053634,136.541956
152.180663,136.541956
152.307692,136.028862
152.434721,136.028862
152.561750,134.318546
152.688779,134.318546
152.815808,134.318546
152.942837,134.318546
153.069866,134.318546
153.196895,134.318546
153.323924,134.318546
153.450953,134.318546
153.577982,134.318546
153.705011,134.318546
153.832040,134.318546
153.959068,134.318546
154.086097,134.233030
154.213126,134.233030
154.340155,133.976483
154.467184,133.377873
154.594213,133.377873
154.721242,133.377873
154.848271,133.377873
154.975300,133.377873
155.102329,133.335115
155.229358,132.266168
155.356387,132.266168
155.483416,132.266168
155.610445,132.266168
155.737474,132.266168
155.864502,132.266168
156.118560,132.266168
156.245589,132.266168
156.372618,132.266168
156.499647,133.035810
156.626676,133.035810
156.753705,133.206841
156.880734,133.206841
157.007763,133.206841
157.134792,134.318546
157.261821,134.318546
157.388850,134.318546
157.515879,134.318546
157.642908,134.318546
157.769936,134.318546
157.896965,134.318546
158.023994,134.318546
158.151023,134.318546
158.278052,134.318546
158.405081,134.318546
158.532110,134.318546
158.659139,134.318546
158.786168,134.318546
158.913197,134.318546
159.040226,134.318546
159.167255,134.318546
159.294284,134.318546
159.421313,134.318546
159.548342,134.318546
159.675371,134.318546
159.802399,134.318546
159.929428,134.318546
160.056457,134.318546
160.183486,134.318546
160.310515,133.377873
160.437544,133.335115
160.564573,133.206841
160.691602,133.164083
160.818631,132.180652
160.945660,132.180652
161.072689,132.180652
161.199718,132.137894
161.326747,131.924105
161.834862,131.753073
161.961891,131.753073
162.088920,131.753073
162.215949,131.753073
162.342978,131.753073
162.470007,131.753073
162.597036,131.753073
162.724065,131.753073
162.851094,131.753073
162.978123,131.753073
163.105152,131.753073
163.232181,131.710315
163.359210,131.582042
163.486239,131.582042
163.613267,131.496526
163.740296,131.496526
163.867325,131.411010
163.994354,131.411010
164.121383,131.239979
164.248412,131.239979
164.375441,131.239979
164.502470,131.239979
164.629499,131.239979
164.756528,131.239979
164.883557,130.983431
165.010586,130.940673
165.137615,130.940673
165.264644,130.940673
165.391673,128.845537
165.518701,128.802779
165.645730,128.417958
165.772759,128.118653
165.899788,128.118653
166.026817,128.118653
166.153846,128.118653
166.280875,127.349011
166.407904,127.349011
166.534933,127.349011
166.661962,127.349011
166.788991,126.921432
166.916020,126.921432
167.043049,126.921432
167.170078,126.921432
167.297107,126.664885
167.424135,126.664885
167.551164,126.664885
167.678193,126.664885
167.805222,126.664885
167.932251,126.664885
168.059280,126.408338
168.186309,126.408338
168.313338,125.980759
168.440367,125.980759
168.567396,126.151790
168.694425,126.151790
168.821454,126.151790
168.948483,126.151790
169.075512,126.151790
169.202541,126.151790
169.329570,126.151790
169.456598,126.151790
169.583627,126.151790
169.710656,126.151790
170.599859,124.227686
170.726888,124.227686
170.853917,124.227686
170.980946,124.227686
171.107975,124.227686
171.235004,124.227686
171.362032,126.151790
171.489061,126.151790
171.616090,126.151790
171.743119,126.151790
171.870148,126.151790
171.997177,126.151790
172.124206,126.408338
172.251235,126.408338
172.378264,126.921432
172.505293,126.921432
172.632322,126.921432
172.759351,126.921432
172.886380,126.921432
173.013409,126.921432
173.140438,126.921432
173.267466,126.921432
174.918843,128.802779
175.045872,128.845537
175.172900,128.973811
175.299929,128.973811
175.426958,128.973811
175.553987,128.973811
175.681016,128.973811
175.808045,128.973811
175.935074,128.973811
176.062103,128.973811
176.824277,134.318546
176.951306,136.499198
177.078335,136.541956
177.205363,138.850882
177.332392,138.850882
177.459421,138.850882
177.586450,138.850882
177.713479,138.850882
177.840508,138.850882
177.967537,138.850882
178.094566,138.850882
178.221595,135.986104
178.729711,139.107429
178.856740,139.107429
178.983769,139.107429
179.110797,139.107429
179.237826,139.107429
179.364855,139.107429
179.491884,139.107429
179.618913,139.107429
179.745942,139.107429
179.872971,139.107429
180.000000,139.107429
180.127029,139.107429
180.254058,139.107429
180.381087,139.107429
180.508116,139.107429
180.635145,139.107429
180.762174,139.107429
180.889203,139.107429
181.016231,139.107429
181.143260,139.107429
181.270289,139.107429
181.397318,139.107429
181.524347,139.107429
181.651376,139.107429
181.778405,139.107429
181.905434,139.107429
182.032463,138.679850
182.159492,138.679850
182.286521,138.679850
182.413550,138.679850
182.540579,138.252272
182.667608,138.252272
182.794637,138.081240
182.921665,138.081240
183.048694,138.081240
183.175723,138.081240
183.302752,137.311598
183.429781,137.311598
183.556810,136.712988
183.683839,136.712988
183.810868,136.755746
183.937897,136.798503
184.064926,136.798503
184.191955,136.798503
184.318984,136.798503
184.446013,136.798503
184.573042,136.798503
184.700071,136.798503
184.827100,137.311598
184.954128,137.311598
185.081157,137.311598
185.208186,137.311598
185.335215,137.311598
185.462244,137.311598
185.589273,138.038482
185.716302,138.081240
185.843331,138.081240
185.970360,138.081240
186.097389,138.081240
186.224418,138.081240
186.351447,138.081240
186.478476,138.081240
186.605505,138.209514
186.732534,138.252272
186.859562,138.380545
186.986591,138.423303
187.113620,138.423303
187.240649,138.423303
187.367678,138.423303
187.494707,138.423303
187.621736,138.423303
187.748765,138.423303
187.875794,138.252272
188.002823,138.252272
188.129852,136.114377
188.256881,136.114377
188.383910,136.114377
188.510939,136.114377
188.637968,136.071619
188.764996,136.028862
188.892025,135.986104
189.527170,134.318546
189.654199,134.318546
189.781228,134.318546
189.908257,134.318546
190.035286,134.318546
190.162315,134.318546
190.289344,134.318546
190.416373,134.318546
190.543402,133.506146
190.670430,133.506146
190.797459,133.506146
190.924488,133.506146
191.051517,133.420631
191.178546,133.420631
191.305575,133.249599
191.432604,133.249599
191.559633,133.933725
191.686662,133.976483
191.813691,134.019241
191.940720,134.019241
192.067749,134.019241
192.194778,134.019241
192.321807,134.019241
192.448836,134.019241
192.575865,134.019241
192.702893,134.061999
192.829922,134.318546
192.956951,134.318546
193.083980,136.969535
193.211009,138.123998
193.338038,138.166756
193.465067,138.166756
193.592096,138.166756
193.719125,138.166756
193.846154,138.166756
193.973183,138.166756
194.100212,138.166756
194.227241,138.081240
194.354270,138.081240
194.481299,137.995724
194.608327,137.995724
194.735356,137.653661
194.862385,137.653661
194.989414,137.354356
195.116443,137.055051
195.243472,137.012293
195.370501,136.370925
195.497530,136.370925
200.959774,136.798503
201.086803,136.798503
201.213832,136.884019
201.340861,136.884019
201.467890,136.884019
201.594919,138.979156
201.721948,139.021913
201.848977,139.064671
201.976006,139.107429
202.103035,139.107429
202.230064,139.107429
202.357092,139.107429
202.484121,139.107429
202.611150,139.107429
202.738179,139.107429
202.865208,139.107429
202.992237,139.107429
203.119266,139.107429
203.246295,139.107429
203.881440,138.850882
204.008469,138.850882
204.135498,138.850882
204.262526,138.850882
204.389555,138.850882
204.516584,138.850882
204.643613,138.850882
204.770642,138.850882
204.897671,138.252272
205.024700,138.252272
205.151729,138.166756
205.278758,138.166756
205.405787,138.166756
205.532816,138.166756
205.659845,138.166756
205.786874,138.166756
205.913903,138.166756
206.040932,138.166756
206.167960,138.166756
206.294989,138.166756
206.422018,138.380545
206.549047,138.423303
206.676076,138.423303
206.803105,138.423303
206.930134,138.423303
207.057163,138.423303
207.184192,138.423303
207.311221,138.423303
207.438250,138.423303
207.565279,138.423303
207.692308,138.380545
207.819337,138.337787
207.946366,138.295029
208.200423,137.910208
208.327452,137.910208
209.724771,143.725281
209.851800,143.725281
209.978829,143.725281
210.105857,143.725281
210.232886,143.725281
210.359915,143.725281
210.486944,143.725281
210.613973,143.725281
210.741002,143.725281
210.868031,143.725281
210.995060,143.725281
211.122089,143.682523
211.249118,139.107429
211.376147,139.107429
211.503176,139.107429
211.630205,139.107429
211.757234,138.679850
211.884263,138.423303
212.011291,138.423303
212.138320,138.423303
212.265349,138.423303
212.392378,138.423303
212.519407,138.380545
212.646436,138.252272
212.773465,138.209514
213.154552,138.081240
213.281581,138.081240
213.408610,138.166756
213.535639,138.166756
213.662668,138.166756
213.789697,138.166756
213.916725,138.166756
214.043754,138.166756
214.170783,138.166756
214.297812,138.123998
214.424841,138.123998
214.551870,138.123998
214.678899,138.038482
214.805928,138.038482
214.932957,136.841261
215.059986,136.841261
215.187015,136.841261
215.314044,136.841261
215.441073,136.413683
215.568102,136.413683
215.695131,136.413683
215.822159,136.456440
215.949188,137.097809
216.076217,137.097809
216.203246,137.097809
216.330275,137.097809
216.457304,137.781935
216.584333,137.824693
216.711362,137.867451
216.838391,137.910208
216.965420,139.107429
217.092449,139.107429
217.219478,139.107429
217.346507,139.107429
217.473536,139.107429
217.600565,139.107429
217.727594,139.107429
217.854622,139.107429
217.981651,139.107429
218.108680,139.107429
218.235709,139.107429
218.362738,139.107429
218.489767,138.295029
218.616796,138.295029
218.743825,138.295029
218.870854,138.295029
218.997883,138.295029
219.124912,138.295029
219.251941,137.268840
219.378970,137.268840
219.505999,137.097809
219.633028,137.097809
219.760056,137.097809
219.887085,137.097809
220.014114,137.097809
220.141143,137.097809
220.268172,136.841261
220.395201,136.841261
220.522230,136.841261
220.649259,136.841261
220.776288,136.755746
220.903317,136.755746
221.030346,136.584714
221.157375,136.584714
221.284404,136.841261
221.411433,136.841261
221.538462,136.841261
221.665490,136.841261
221.792519,136.841261
221.919548,136.884019
222.046577,136.884019
222.173606,136.884019
222.300635,136.884019
222.427664,136.884019
222.554693,136.884019
222.681722,136.884019
222.808751,136.841261
222.935780,136.841261
223.062809,136.841261
223.189838,136.841261
223.316867,136.584714
223.443896,136.584714
223.570924,136.584714
223.697953,136.584714
223.824982,136.584714
223.952011,136.584714
224.079040,136.328167
224.206069,136.328167
224.333098,134.318546
224.460127,134.318546
224.587156,134.318546
224.714185,134.318546
224.841214,134.318546
224.968243,134.318546
225.095272,133.890967
225.222301,133.848210
225.349330,133.848210
225.476359,133.848210
225.603387,133.377873
225.730416,133.335115
225.857445,133.121325
225.984474,132.650989
226.111503,132.650989
226.238532,132.565473
226.365561,132.565473
226.492590,132.137894
226.619619,132.137894
226.746648,132.052378
226.873677,132.052378
227.000706,131.111705
227.127735,131.111705
227.508821,131.111705
227.635850,131.111705
227.762879,131.111705
227.889908,131.111705
228.016937,131.111705
228.143966,131.111705
228.270995,131.111705
228.398024,131.111705
228.525053,131.111705
228.652082,131.111705
228.779111,131.539284
228.906140,131.539284
229.033169,132.052378
229.160198,132.095136
229.287227,132.308926
229.414255,132.351684
229.541284,132.351684
229.668313,132.351684
229.795342,132.351684
229.922371,132.351684
230.049400,132.351684
230.176429,132.351684
231.573747,133.249599
231.700776,133.249599
231.827805,133.249599
231.954834,133.249599
232.081863,133.249599
232.208892,133.249599
232.335921,133.249599
232.462950,133.249599
232.589979,133.249599
232.717008,133.249599
232.844037,132.993052
232.971066,132.993052
234.368384,132.052378
234.495413,132.052378
234.622442,132.052378
234.749471,132.052378
234.876500,132.052378
235.003529,132.052378
235.130558,132.052378
235.257586,132.052378
235.384615,131.966863
235.511644,131.966863
235.638673,131.026189
235.765702,131.026189
235.892731,131.111705
236.019760,131.111705
236.146789,131.111705
236.273818,172.928915
236.400847,172.928915
236.527876,172.928915
236.654905,172.928915
236.781934,172.928915
236.908963,172.928915
237.035992,172.928915
237.163020,147.487974
237.290049,147.487974
237.417078,147.487974
237.544107,147.487974
237.671136,147.487974
237.798165,147.487974
237.925194,133.463389
238.052223,133.463389
238.179252,133.463389
238.306281,133.463389
238.941426,131.966863
239.068454,131.966863
239.195483,131.966863
239.322512,131.966863
239.449541,131.966863
239.576570,131.966863
239.703599,131.966863
239.830628,131.966863
239.957657,131.026189
240.084686,131.026189
240.211715,131.026189
240.338744,131.026189
241.227946,130.769642
241.354975,130.769642
241.482004,130.769642
241.609033,130.769642
241.736062,130.769642
241.863091,130.769642
241.990120,131.795831
242.117149,131.795831
242.244178,131.881347
242.371207,131.881347
242.498236,131.966863
242.625265,131.966863
242.752294,132.565473
242.879323,132.565473
243.006351,133.506146
243.133380,133.548904
243.260409,133.548904
243.387438,133.548904
243.514467,133.548904
243.641496,133.634420
243.768525,133.848210
243.895554,133.890967
244.022583,133.933725
244.149612,133.933725
244.276641,133.933725
244.403670,133.933725
244.530699,133.933725
244.657728,133.933725
244.784757,133.933725
244.911785,133.933725
245.038814,133.848210
245.165843,133.848210
245.292872,133.078568
245.419901,133.078568
245.546930,132.479957
245.673959,132.479957
245.800988,132.394441
245.928017,132.394441
246.055046,132.308926
246.182075,132.308926
246.309104,131.539284
246.436133,131.539284
246.563162,131.710315
246.690191,131.710315
246.817219,134.019241
246.944248,134.061999
247.071277,134.104757
247.198306,134.104757
247.325335,134.104757
247.452364,134.104757
247.579393,134.104757
247.706422,134.104757
247.833451,134.104757
247.960480,134.104757
248.087509,134.104757
248.214538,134.104757
248.341567,132.565473
248.468596,132.565473
248.595625,132.565473
248.722653,132.565473
248.849682,132.565473
248.976711,132.565473
249.103740,132.565473
249.230769,132.565473
249.357798,132.223410
249.484827,132.223410
249.611856,132.052378
249.738885,132.052378
255.455187,127.947622
255.582216,127.947622
255.709245,127.947622
255.836274,127.947622
255.963303,127.947622
256.090332,127.947622
256.217361,127.947622
256.344390,127.092464
256.471418,127.092464
256.598447,126.835917
256.725476,126.835917
256.852505,124.184928
256.979534,124.184928
257.106563,124.184928
257.233592,124.184928
257.360621,123.415286
257.487650,123.415286
257.614679,123.415286
257.741708,123.415286
257.868737,123.158739
257.995766,123.158739
258.122795,121.833244
258.249824,119.011224
258.376853,119.011224
258.503881,119.011224
258.630910,119.011224
258.757939,117.685730
258.884968,117.685730
259.011997,117.514698
259.139026,117.514698
259.266055,117.514698
259.393084,117.514698
259.520113,116.659540
259.647142,116.659540
259.774171,116.659540
259.901200,116.659540
260.028229,116.659540
260.155258,116.659540
260.282287,116.659540
260.409315,116.659540
260.536344,114.008552
260.663373,113.666489
260.790402,113.666489
260.917431,113.324425
261.044460,113.324425
261.171489,110.587921
261.298518,110.587921
261.425547,110.587921
261.552576,110.587921
261.679605,110.587921
261.806634,110.587921
261.933663,112.554784
262.060692,112.554784
262.187721,113.666489
262.314749,119.011224
262.441778,119.011224
262.568807,119.011224
262.695836,123.415286
262.822865,123.415286
262.949894,126.835917
263.076923,129.059327
263.203952,129.059327
263.330981,130.855158
263.458010,130.855158
263.585039,130.855158
263.712068,130.855158
263.839097,130.855158
263.966126,130.855158
264.093155,130.855158
264.220183,130.855158
264.347212,129.059327
264.474241,129.059327
264.601270,129.059327
264.728299,129.059327
264.855328,129.059327
264.982357,129.059327
265.109386,129.059327
265.236415,126.066275
265.363444,126.066275
265.490473,126.066275
265.617502,131.368252
265.744531,131.368252
265.871560,131.368252
265.998589,131.368252
266.125618,131.368252
266.252646,131.368252
266.379675,131.368252
266.506704,131.368252
266.633733,129.059327
266.887791,131.368252
267.014820,131.368252
267.141849,131.368252
267.268878,131.368252
267.395907,131.368252
267.522936,131.368252
267.649965,131.368252
267.776994,131.368252
267.904023,129.059327
268.031052,123.244254
270.444601,132.308926
270.571630,132.308926
270.698659,132.565473
270.825688,132.565473
270.952717,132.565473
271.079746,132.565473
271.206775,132.565473
271.333804,132.565473
271.460833,132.565473
271.587862,132.565473
271.714891,132.308926
271.841920,132.308926
271.968948,128.802779
272.095977,124.227686
272.223006,124.227686
272.350035,124.227686
272.477064,124.227686
272.604093,124.227686
272.731122,124.227686
272.858151,124.227686
272.985180,124.227686
273.112209,124.227686
273.239238,124.227686
273.366267,124.227686
273.493296,124.227686
273.620325,124.227686
273.747354,124.227686
273.874382,122.816676
274.001411,118.198824
274.128440,118.198824
274.255469,118.198824
274.382498,118.198824
274.509527,115.975414
274.636556,112.127205
274.763585,112.127205
274.890614,112.127205
275.017643,112.127205
275.144672,112.896847
275.271701,112.896847
275.398730,112.896847
275.525759,118.711919
275.652788,118.711919
275.779817,118.711919
275.906845,118.711919
276.033874,118.711919
276.160903,126.237306
276.287932,126.237306
276.414961,129.059327
276.541990,129.059327
276.669019,129.059327
276.796048,129.059327
276.923077,129.059327
277.050106,129.059327
277.177135,129.059327
277.304164,129.059327
277.431193,129.059327
277.558222,129.059327
277.685251,129.059327
277.812279,129.059327
277.939308,129.059327
278.066337,129.059327
278.193366,129.059327
278.320395,129.059327
278.447424,126.408338
278.574453,126.408338
278.701482,116.745056
278.828511,117.001603
278.955540,117.001603
279.082569,117.001603
279.209598,117.001603
279.336627,117.001603
279.463656,117.001603
279.590685,117.001603
279.717713,117.001603
279.844742,116.274719
279.971771,113.153394
280.098800,113.153394
280.225829,108.963121
280.352858,108.877606
280.479887,108.877606
280.606916,108.877606
280.733945,108.877606
280.860974,108.877606
280.988003,108.877606
281.115032,108.877606
281.242061,112.640299
281.369090,112.640299
281.496119,114.008552
281.623147,114.008552
281.750176,114.008552
281.877205,114.008552
282.004234,114.008552
282.131263,114.008552
282.258292,114.008552
282.385321,114.008552
282.512350,114.008552
282.639379,114.008552
282.766408,114.008552
282.893437,114.008552
283.020466,114.008552
283.147495,114.008552
283.274524,114.008552
283.401553,114.008552
283.528582,114.008552
283.655610,114.008552
283.782639,114.008552
283.909668,114.008552
284.036697,114.008552
284.163726,114.008552
284.290755,114.008552
284.417784,114.008552
284.544813,114.008552
284.671842,114.008552
284.798871,114.008552
284.925900,114.008552
285.052929,114.008552
285.179958,114.008552
285.306987,115.889898
285.434016,115.889898
285.561044,116.146446
285.688073,116.146446
285.815102,116.231962
285.942131,116.231962
286.069160,116.231962
286.196189,116.231962
286.323218,116.402993
286.450247,117.001603
286.577276,123.928381
286.704305,123.928381
286.831334,128.546232
286.958363,128.546232
287.085392,128.546232
287.212421,133.249599
287.339450,133.249599
287.466478,133.420631
287.593507,133.420631
287.720536,133.420631
287.847565,133.420631
287.974594,133.420631
288.101623,133.420631
288.228652,133.420631
288.355681,133.420631
288.482710,133.420631
288.609739,133.420631
288.736768,133.335115
288.863797,133.335115
288.990826,131.881347
289.117855,131.881347
289.244884,129.059327
289.371912,128.888295
289.498941,128.888295
289.625970,128.802779
289.752999,128.802779
289.880028,123.757349
290.007057,123.757349
290.134086,123.714591
290.261115,117.001603
290.388144,117.001603
290.515173,117.001603
290.642202,117.001603
290.769231,117.001603
290.896260,114.008552
291.023289,117.001603
291.150318,117.001603
291.277347,117.001603
291.404375,117.001603
291.531404,117.001603
291.658433,117.001603
291.785462,117.001603
291.912491,117.001603
292.039520,117.001603
292.166549,117.001603
292.293578,116.958846
293.944954,117.001603
294.071983,117.001603
294.199012,117.001603
294.326041,117.001603
294.453070,117.001603
294.580099,117.001603
294.707128,117.001603
294.834157,117.001603
294.961186,116.745056
295.088215,116.702298
295.850388,116.488509
295.977417,117.001603
296.104446,117.001603
296.231475,117.001603
296.358504,117.001603
296.485533,117.001603
296.612562,117.001603
296.739591,117.001603
296.866620,117.001603
298.390967,123.757349
298.517996,123.757349
298.645025,123.842865
298.772054,123.842865
298.899083,123.842865
299.026112,123.842865
299.153140,123.842865
299.280169,123.842865
299.407198,123.842865
299.534227,123.842865
299.661256,123.842865
299.788285,123.842865
299.915314,123.671833
300.042343,123.671833
303.853211,126.579369
303.980240,126.579369
304.107269,126.579369
304.234298,126.579369
304.361327,126.579369
304.488356,126.579369
304.615385,126.579369
304.742414,126.579369
304.869442,126.579369
304.996471,126.579369
305.123500,124.227686
305.250529,124.227686
305.377558,128.546232
305.504587,132.137894
305.631616,132.137894
305.758645,132.650989
305.885674,132.650989
306.012703,132.650989
306.139732,132.650989
306.266761,134.318546
306.393790,134.318546
306.520819,134.318546
306.647848,134.318546
306.774876,134.318546
306.901905,134.318546
307.028934,134.318546
307.155963,134.318546
307.282992,134.318546
307.410021,134.318546
307.791108,132.993052
307.918137,132.993052
308.045166,132.993052
308.172195,132.993052
308.299224,132.993052
308.426253,132.993052
308.553282,132.993052
312.618207,129.059327
312.745236,129.059327
312.872265,129.059327
312.999294,129.059327
313.126323,129.059327
313.253352,129.059327
313.380381,129.059327
314.015526,129.059327
314.396613,138.038482
314.523641,138.038482
314.650670,138.209514
314.777699,138.209514
314.904728,138.209514
315.031757,141.630144
315.158786,141.630144
315.285815,142.228755
315.412844,142.228755
315.539873,142.228755
315.666902,142.228755
315.793931,142.228755
315.920960,142.228755
316.047989,142.228755
316.175018,142.228755
316.302047,142.228755
316.429076,142.228755
316.556104,142.228755
316.683133,142.228755
316.810162,138.765366
316.937191,139.107429
317.064220,139.107429
317.191249,139.107429
317.318278,139.107429
317.445307,139.107429
317.572336,139.107429
317.699365,139.107429
317.826394,139.107429
317.953423,138.466061
318.080452,138.466061
318.207481,136.670230
318.334510,136.670230
318.461538,134.318546
318.588567,134.318546
318.715596,134.318546
318.842625,134.318546
318.969654,134.318546
319.096683,134.318546
319.223712,134.318546
319.350741,134.318546
319.477770,136.584714
319.604799,136.584714
319.731828,137.525387
319.858857,137.525387
319.985886,137.781935
320.112915,137.781935
320.239944,137.781935
320.366972,137.781935
320.494001,137.781935
320.621030,137.781935
320.748059,138.038482
320.875088,138.038482
321.002117,138.209514
321.129146,138.209514
321.256175,138.209514
321.383204,138.209514
321.510233,138.209514
321.637262,138.209514
321.764291,138.209514
321.891320,138.209514
322.018349,138.209514
322.145378,138.209514
322.272406,138.209514
322.399435,138.209514
322.526464,137.952966
322.653493,137.952966
322.780522,137.952966
322.907551,137.952966
323.034580,138.637092
323.161609,138.637092
323.288638,138.722608
323.415667,138.722608
323.542696,138.722608
323.669725,138.722608
323.796754,138.722608
323.923783,138.722608
324.050812,138.722608
324.177841,138.722608
324.304869,138.722608
324.431898,138.722608
324.558927,138.637092
324.685956,138.637092
324.812985,138.209514
324.940014,138.209514
325.067043,137.952966
325.194072,137.952966
325.321101,137.952966
325.448130,137.952966
325.575159,137.268840
325.702188,137.268840
326.083275,137.354356
326.210303,137.354356
326.337332,137.439872
326.464361,137.439872
326.591390,137.525387
326.718419,137.525387
326.845448,138.209514
326.972477,138.209514
327.099506,138.209514
327.226535,138.209514
327.353564,138.551577
327.480593,138.551577
327.607622,138.722608
327.734651,138.722608
327.861680,138.722608
327.988709,138.722608
328.115737,139.107429
328.242766,139.107429
328.369795,139.107429
328.496824,139.107429
328.623853,139.107429
328.750882,139.107429
328.877911,139.107429
329.004940,139.107429
329.131969,139.107429
329.258998,139.107429
329.386027,139.107429
329.513056,139.107429
329.640085,139.107429
329.767114,139.107429
329.894143,138.466061
330.021171,138.466061
330.148200,137.696419
330.275229,137.696419
330.402258,137.696419
330.529287,137.696419
330.656316,137.525387
330.783345,137.525387
330.910374,137.439872
331.037403,137.439872
331.164432,138.893640
331.291461,138.893640
331.418490,139.107429
331.545519,139.107429
331.672548,139.107429
331.799577,141.117050
331.926606,141.117050
332.053634,141.117050
332.180663,141.117050
332.307692,141.117050
332.434721,141.117050
332.561750,141.117050
332.688779,141.117050
333.577982,142.485302
333.705011,142.485302
333.832040,142.570818
334.086097,143.939070
334.213126,143.939070
334.340155,144.024586
334.467184,144.024586
334.594213,144.024586
334.721242,144.024586
334.848271,144.024586
334.975300,144.024586
335.102329,144.024586
335.229358,144.024586
335.356387,144.024586
335.483416,144.024586
335.610445,143.597007
335.737474,143.597007
335.864502,143.425975
335.991531,143.425975
336.118560,142.485302
336.245589,142.485302
336.372618,142.485302
336.499647,142.485302
336.626676,142.485302
336.753705,142.485302
336.880734,142.485302
337.007763,142.485302
337.134792,142.741849
337.261821,142.741849
337.388850,142.998397
337.515879,142.998397
337.642908,142.998397
337.769936,142.998397
337.896965,142.998397
338.023994,142.998397
338.151023,143.597007
338.278052,143.597007
338.405081,143.768038
338.532110,143.768038
338.659139,143.768038
338.786168,143.768038
338.913197,143.768038
339.040226,143.768038
339.167255,144.195617
339.294284,144.195617
339.421313,144.238375
339.548342,144.238375
339.675371,144.238375
339.802399,144.238375
339.929428,144.238375
340.056457,144.238375
340.183486,144.238375
340.310515,144.238375
340.437544,144.238375
340.564573,144.238375
340.691602,144.238375
340.818631,144.238375
340.945660,144.238375
341.072689,144.238375
341.199718,143.682523
341.326747,143.682523
341.453776,143.682523
341.580805,143.682523
341.707833,143.682523
341.834862,143.682523
341.961891,143.682523
342.088920,143.682523
342.215949,143.254944
342.342978,143.254944
342.470007,143.254944
342.597036,143.254944
342.724065,143.254944
342.851094,143.254944
342.978123,142.912881
343.105152,142.912881
344.248412,141.972207
344.375441,141.972207
344.502470,141.972207
344.629499,141.972207
344.756528,141.972207
344.883557,141.972207
345.010586,141.972207
345.137615,141.972207
345.264644,141.159808
346.026817,141.886692
346.153846,141.886692
346.280875,141.972207
346.407904,141.972207
346.534933,141.972207
346.661962,141.972207
346.788991,141.972207
346.916020,141.972207
347.043049,141.972207
347.170078,141.972207
347.297107,141.972207
347.424135,141.972207
347.551164,141.715660
347.678193,141.715660
347.805222,141.544629
347.932251,141.544629
348.059280,141.715660
348.186309,141.715660
348.313338,142.485302
348.440367,142.485302
348.567396,142.485302
348.694425,142.485302
348.821454,142.485302
348.948483,142.485302
349.075512,142.485302
349.202541,142.485302
349.329570,142.399786
349.456598,142.399786
349.583627,141.416355
349.710656,141.202565
349.837685,141.202565
349.964714,141.202565
350.091743,141.202565
350.218772,141.202565
350.345801,141.202565
350.472830,141.202565
350.599859,141.202565
352.124206,142.143239
352.251235,142.143239
352.378264,142.399786
352.505293,142.399786
352.632322,142.485302
352.759351,142.485302
352.886380,142.485302
353.013409,142.485302
353.140438,142.485302
353.267466,142.485302
353.394495,142.485302
353.521524,142.485302
353.648553,142.485302
353.775582,142.485302
353.902611,142.485302
354.029640,142.485302
354.156669,142.399786
354.283698,142.399786
354.410727,142.228755
354.537756,142.228755
354.664785,142.228755
354.791814,142.228755
354.918843,141.758418
355.045872,141.202565
355.172900,141.202565
355.299929,141.373597
355.426958,142.228755
355.553987,142.228755
355.681016,142.228755
355.808045,142.228755
355.935074,142.228755
356.062103,142.228755
356.189132,142.228755
356.316161,142.228755
356.443190,142.228755
356.570219,142.228755
356.697248,142.228755
356.824277,142.228755
356.951306,142.314270
357.078335,142.314270
357.205363,142.485302
357.332392,142.485302
357.459421,142.485302
357.586450,142.485302
357.713479,142.485302
357.840508,142.485302
357.967537,142.485302
358.094566,142.485302
358.221595,142.399786
358.348624,142.399786
358.475653,142.228755
358.602682,142.228755
358.729711,142.228755
358.856740,142.228755
358.983769,142.014965
359.110797,141.972207
359.237826,141.972207
359.364855,141.202565
359.491884,141.202565
359.618913,139.107429
359.745942,139.107429
359.872971,138.893640
360.000000,138.893640
360.127029,138.893640
360.254058,138.893640
360.381087,138.893640
360.508116,138.893640
360.635145,138.123998
360.762174,138.123998
361.651376,141.117050
361.778405,141.117050
361.905434,141.117050
362.032463,141.117050
362.159492,141.117050
362.286521,141.117050
362.413550,141.373597
362.540579,141.373597
362.667608,141.459113
362.794637,141.459113
362.921665,141.459113
363.048694,141.459113
363.175723,141.459113
363.302752,141.459113
363.429781,141.459113
363.556810,141.459113
363.683839,141.459113
363.810868,141.459113
363.937897,141.117050
364.064926,141.117050
364.191955,141.459113
364.318984,141.459113
364.446013,141.459113
364.573042,141.459113
364.700071,141.459113
364.827100,141.459113
364.954128,141.459113
365.081157,141.459113
365.208186,141.373597
365.335215,141.373597
371.051517,138.123998
371.178546,138.123998
371.305575,138.123998
371.432604,138.123998
371.559633,138.123998
371.686662,138.123998
371.813691,138.123998
371.940720,138.123998
372.067749,136.584714
372.194778,136.584714
372.321807,136.071619
372.448836,136.071619
372.575865,136.157135
372.702893,136.157135
372.829922,137.867451
372.956951,137.867451
373.083980,137.867451
373.211009,137.867451
373.338038,137.867451
373.465067,137.867451
373.592096,138.466061
373.719125,138.466061
373.846154,139.107429
373.973183,139.107429
374.100212,139.107429
374.227241,139.107429
374.354270,139.107429
374.481299,139.107429
374.608327,139.107429
374.735356,139.107429
374.862385,139.107429
374.989414,139.107429
375.116443,139.107429
375.243472,139.107429
375.370501,138.808124
375.497530,138.808124
375.624559,139.107429
375.751588,139.107429
375.878617,139.107429
376.005646,139.107429
376.132675,139.107429
376.259704,139.107429
376.386733,139.107429
376.513761,139.107429
376.894848,139.107429
377.021877,139.107429
377.148906,139.107429
377.275935,139.107429
377.402964,139.107429
377.529993,139.107429
377.657022,139.107429
377.784051,139.107429
377.911080,139.107429
378.038109,139.107429
378.927311,138.808124
379.054340,138.808124
379.181369,138.893640
379.308398,138.893640
379.435427,138.893640
379.562456,138.893640
379.689485,138.893640
379.816514,138.893640
379.943543,138.893640
380.070572,138.893640
380.197601,138.893640
380.324629,138.893640
380.451658,138.893640
380.578687,138.893640
380.705716,138.893640
380.832745,138.893640
380.959774,138.893640
381.086803,138.893640
381.213832,138.893640
381.340861,138.893640
381.467890,138.123998
381.594919,138.123998
381.721948,138.123998
381.848977,138.123998
381.976006,138.123998
382.103035,138.123998
382.484121,138.466061
382.611150,138.466061
382.738179,138.466061
382.865208,138.466061
382.992237,138.466061
383.119266,138.466061
383.246295,139.107429
383.373324,139.107429
383.500353,139.107429
383.627382,139.107429
383.754411,139.107429
383.881440,139.107429
384.008469,139.107429
384.135498,139.107429
385.024700,139.064671
385.151729,139.064671
385.278758,139.064671
385.405787,139.064671
385.532816,139.064671
385.659845,139.064671
385.786874,139.064671
385.913903,139.064671
386.040932,138.808124
386.167960,138.808124
386.294989,138.123998
386.422018,138.123998
386.549047,138.123998
386.676076,138.123998
386.803105,137.525387
386.930134,137.525387
387.057163,137.525387
387.184192,137.525387
387.311221,137.525387
387.438250,137.525387
387.565279,137.525387
387.692308,137.525387
388.962597,134.318546
389.089626,134.318546
389.216655,134.318546
389.343684,134.318546
389.470713,134.318546
389.597742,134.318546
389.724771,134.318546
389.851800,134.318546
389.978829,134.318546
390.105857,134.318546
390.232886,134.318546
390.359915,134.318546
390.486944,134.318546
390.613973,136.712988
390.741002,136.755746
390.868031,136.798503
390.995060,136.841261
391.122089,136.841261
391.249118,136.841261
391.376147,137.354356
391.503176,137.354356
391.630205,137.354356
391.757234,137.354356
391.884263,137.354356
392.011291,137.354356
392.138320,137.354356
392.265349,137.354356
392.392378,137.354356
392.519407,137.354356
392.646436,137.354356
392.773465,137.354356
392.900494,137.354356
393.027523,137.354356
393.154552,137.268840
393.281581,137.268840
393.408610,137.012293
393.535639,137.012293
393.662668,136.584714
393.789697,136.584714
393.916725,136.541956
394.043754,134.318546
394.170783,134.318546
394.297812,134.318546
394.424841,134.318546
394.551870,134.318546
394.678899,134.318546
394.805928,134.318546
394.932957,134.318546
395.059986,133.506146
395.187015,133.506146
395.314044,133.591662
395.441073,133.591662
395.568102,134.019241
395.695131,134.019241
395.822159,134.019241
395.949188,134.019241
396.076217,134.019241
396.203246,134.019241
396.330275,134.318546
396.457304,134.318546
396.584333,134.318546
396.711362,134.318546
396.838391,134.318546
396.965420,134.318546
397.092449,134.318546
397.219478,134.318546
398.870854,134.318546
398.997883,134.318546
399.124912,134.318546
399.251941,134.318546
399.378970,134.318546
399.505999,134.318546
399.633028,134.318546
399.760056,134.318546
399.887085,134.318546
400.014114,134.318546
400.141143,134.318546
400.268172,134.318546
400.395201,134.318546
400.522230,134.318546
400.649259,134.318546
400.776288,134.318546
400.903317,134.275788
401.030346,134.275788
401.157375,134.019241
401.284404,134.019241
401.411433,133.762694
401.538462,133.762694
401.665490,133.762694
401.792519,133.762694
401.919548,133.762694
402.046577,133.762694
402.173606,133.677178
402.300635,133.677178
402.427664,132.907536
402.554693,132.907536
402.681722,132.907536
402.808751,132.907536
402.935780,131.624800
403.062809,131.624800
403.189838,131.624800
403.316867,131.624800
403.443896,131.624800
403.570924,131.624800
403.697953,131.539284
403.824982,131.539284
403.952011,131.197221
404.079040,131.197221
404.206069,131.239979
404.333098,131.282737
404.460127,131.282737
404.587156,131.282737
404.714185,131.795831
404.841214,131.795831
404.968243,131.795831
405.095272,131.795831
405.222301,131.795831
405.349330,131.795831
405.476359,131.795831
405.603387,131.795831
405.730416,131.710315
405.857445,131.710315
405.984474,130.769642
406.111503,130.769642
406.238532,130.769642
406.365561,130.769642
406.492590,130.769642
406.619619,130.769642
406.746648,130.684126
406.873677,130.684126
407.000706,129.059327
407.127735,129.059327
407.254764,129.059327
407.381793,129.059327
407.508821,129.059327
407.635850,129.059327
407.762879,129.059327
407.889908,128.289685
408.016937,128.246927
408.143966,127.776590
408.270995,127.776590
408.398024,127.776590
408.525053,127.733832
408.652082,127.691074
408.779111,127.648316
409.033169,127.006948
409.414255,126.664885
409.541284,126.664885
409.668313,126.664885
409.795342,126.664885
409.922371,126.664885
410.049400,126.664885
410.176429,126.664885
410.303458,126.664885
410.430487,126.664885
410.557516,126.664885
410.684545,126.921432
410.811574,126.921432
410.938603,127.006948
411.065632,127.006948
411.192661,127.006948
411.319689,127.006948
411.446718,127.006948
411.573747,127.006948
411.700776,127.006948
411.827805,127.006948
411.954834,127.006948
412.081863,127.006948
412.208892,127.006948
412.335921,127.006948
412.462950,126.921432
412.589979,126.921432
412.717008,126.151790
412.844037,126.151790
412.971066,126.151790
413.098095,126.151790
413.225124,126.151790
413.352152,126.151790
413.479181,126.151790
413.606210,126.151790
413.733239,126.151790
413.860268,126.151790
414.241355,126.408338
414.368384,126.408338
414.495413,126.664885
414.622442,126.664885
414.749471,127.006948
414.876500,127.006948
415.003529,127.006948
415.130558,127.006948
415.257586,127.006948
415.384615,127.006948
415.511644,127.006948
415.638673,127.006948
415.765702,127.006948
415.892731,127.006948
416.019760,126.664885
416.146789,126.664885
416.273818,126.664885
416.400847,126.664885
416.527876,127.520043
416.654905,127.520043
416.781934,127.947622
416.908963,127.947622
417.035992,127.947622
417.163020,127.947622
417.290049,128.631748
417.417078,128.631748
417.544107,128.973811
417.671136,128.973811
417.798165,128.973811
417.925194,128.973811
418.052223,128.973811
418.179252,128.973811
418.306281,128.973811
418.433310,128.973811
418.941426,130.726884
419.068454,130.769642
419.195483,130.769642
419.322512,130.769642
419.449541,130.769642
419.576570,130.769642
419.703599,130.769642
419.830628,130.769642
420.084686,129.059327
420.211715,129.059327
420.338744,129.059327
420.465773,129.059327
420.592802,129.059327
420.719831,129.059327
420.846860,129.059327
420.973888,129.059327
421.100917,128.717263
421.227946,128.717263
421.354975,129.059327
421.482004,129.059327
421.609033,129.059327
421.736062,129.059327
421.863091,129.059327
421.990120,129.059327
422.117149,129.059327
422.244178,131.496526
422.371207,131.539284
422.498236,131.539284
422.625265,131.539284
422.752294,131.539284
422.879323,131.539284
423.006351,131.539284
423.133380,131.539284
423.260409,131.539284
428.214538,134.318546
428.341567,134.318546
428.468596,134.318546
428.595625,134.318546
428.722653,134.318546
428.849682,136.841261
428.976711,136.841261
429.103740,136.841261
429.230769,136.841261
429.357798,136.841261
429.484827,136.841261
429.611856,136.841261
429.738885,136.841261
429.865914,136.841261
429.992943,136.841261
430.119972,136.841261
430.247001,136.798503
430.628088,134.318546
430.755116,134.318546
430.882145,134.318546
431.009174,134.318546
431.136203,134.318546
431.263232,134.318546
431.390261,134.318546
431.517290,134.318546
432.152435,136.071619
432.279464,136.071619
432.406493,136.584714
432.533522,136.584714
432.660550,136.584714
432.787579,136.584714
432.914608,137.268840
433.041637,137.268840
433.168666,137.610903
433.295695,139.107429
433.422724,139.107429
433.549753,141.117050
433.676782,141.117050
433.803811,141.117050
433.930840,141.117050
434.057869,141.202565
434.184898,141.202565
434.311927,141.886692
434.438956,141.886692
434.565984,142.399786
434.693013,142.399786
434.820042,142.656334
434.947071,142.656334
435.074100,142.656334
435.201129,142.656334
435.328158,142.656334
435.455187,142.656334
435.582216,142.656334
435.709245,142.656334
435.836274,142.656334
435.963303,142.656334
436.090332,142.485302
436.217361,142.485302
436.344390,142.399786
436.471418,142.399786
436.598447,142.399786
436.725476,142.399786
436.852505,141.544629
436.979534,141.544629
437.106563,141.544629
437.233592,141.544629
437.360621,141.544629
437.487650,141.544629
437.614679,141.544629
437.741708,141.544629
437.868737,140.860502
437.995766,140.860502
438.122795,140.860502
438.249824,140.860502
439.139026,139.107429
439.266055,139.107429
439.393084,139.107429
439.520113,139.107429
439.647142,139.107429
439.774171,139.107429
439.901200,139.107429
440.028229,139.107429
440.155258,138.637092
440.282287,137.354356
440.409315,137.311598
440.536344,136.499198
440.663373,136.499198
440.790402,136.584714
440.917431,136.584714
441.044460,136.584714
441.171489,136.584714
441.298518,136.584714
441.425547,136.584714
441.552576,136.584714
441.679605,136.584714
441.806634,136.584714
441.933663,136.584714
442.314749,134.318546
442.441778,134.318546
442.568807,134.318546
442.695836,134.318546
442.822865,134.318546
442.949894,134.318546
443.076923,134.318546
443.203952,134.318546
443.330981,134.318546
443.458010,134.318546
443.585039,134.318546
443.712068,134.318546
443.839097,136.584714
443.966126,136.584714
444.093155,138.551577
444.220183,139.021913
444.347212,139.064671
444.474241,139.064671
444.601270,139.064671
444.728299,140.860502
444.855328,140.860502
444.982357,140.860502
445.109386,140.860502
445.236415,140.860502
445.363444,140.860502
445.490473,140.860502
445.617502,140.860502
445.744531,140.860502
445.871560,140.860502
445.998589,140.860502
446.125618,140.860502
447.014820,138.979156
447.141849,138.979156
447.268878,138.979156
447.395907,138.979156
447.522936,138.979156
447.649965,138.979156
447.776994,138.979156
447.904023,138.979156
448.031052,138.979156
448.158080,138.979156
448.285109,138.979156
448.412138,138.979156
448.539167,138.979156
452.604093,143.340460
452.731122,143.340460
452.858151,143.682523
452.985180,143.682523
453.112209,144.238375
453.239238,144.238375
453.366267,144.238375
453.493296,144.238375
453.620325,144.238375
453.747354,144.238375
453.874382,144.238375
454.001411,144.238375
454.128440,144.238375
454.255469,144.238375
454.382498,144.195617
454.509527,144.195617
454.636556,144.195617
454.763585,144.195617
454.890614,144.195617
455.017643,144.195617
455.144672,144.195617
455.271701,144.195617
456.669019,146.419027
456.796048,146.419027
456.923077,146.504543
457.050106,146.504543
457.177135,146.675575
457.304164,147.573490
457.431193,147.616248
457.558222,147.744522
457.685251,147.787280
457.812279,147.958311
457.939308,147.958311
458.066337,147.958311
458.193366,147.958311
458.320395,147.958311
458.447424,147.958311
458.574453,147.958311
458.701482,147.958311
458.828511,147.958311
459.082569,147.958311
459.209598,147.958311
459.336627,147.958311
459.463656,147.958311
459.590685,147.958311
459.717713,147.958311
459.844742,147.958311
459.971771,147.958311
460.098800,147.060396
460.225829,146.675575
460.352858,146.632817
460.479887,146.162480
460.606916,146.119722
460.733945,145.991448
460.860974,145.991448
460.988003,145.991448
461.115032,145.948691
461.242061,144.238375
461.369090,144.238375
461.496119,144.238375
461.623147,144.238375
461.750176,144.238375
461.877205,144.238375
462.004234,144.238375
462.131263,144.238375
462.258292,144.238375
462.385321,144.238375
462.512350,146.419027
462.639379,146.419027
462.766408,146.761090
462.893437,146.761090
463.020466,146.761090
463.147495,146.761090
463.274524,146.761090
463.401553,146.761090
463.528582,146.761090
463.655610,146.761090
463.782639,146.761090
463.909668,146.761090
464.036697,146.761090
464.163726,146.761090
464.290755,147.017638
464.417784,147.017638
464.544813,147.017638
464.671842,147.017638
464.798871,147.017638
464.925900,147.402459
465.052929,147.445216
465.179958,148.257616
465.306987,148.300374
465.434016,148.727953
465.561044,148.727953
465.688073,148.727953
465.815102,148.727953
465.942131,148.727953
466.069160,148.727953
466.196189,148.727953
466.323218,148.727953
466.450247,148.727953
466.577276,148.727953
466.704305,148.727953
466.831334,148.727953
466.958363,148.385890
467.085392,148.385890
467.212421,148.385890
467.339450,148.385890
467.466478,148.385890
467.593507,148.385890
467.720536,148.727953
467.847565,148.727953
467.974594,148.813469
468.101623,148.813469
468.228652,148.813469
468.355681,148.813469
468.482710,148.813469
468.609739,148.813469
468.736768,148.813469
468.863797,148.813469
468.990826,148.727953
469.117855,148.727953
469.244884,148.556921
469.371912,148.556921
469.498941,148.599679
469.625970,148.642437
469.752999,148.727953
469.880028,148.727953
470.007057,148.727953
470.134086,148.727953
470.261115,148.727953
470.388144,148.727953
470.515173,148.727953
470.642202,148.727953
470.769231,148.727953
470.896260,148.727953
471.023289,148.727953
471.150318,148.727953
471.277347,147.445216
471.404375,147.445216
471.531404,147.445216
471.658433,147.445216
471.785462,147.402459
471.912491,146.932122
472.039520,146.932122
472.166549,147.188669
472.293578,147.188669
472.420607,147.188669
472.547636,147.188669
472.674665,147.188669
472.801694,147.188669
472.928723,147.188669
473.055752,147.145911
473.182781,147.103153
473.309809,147.060396
473.563867,146.461785
473.944954,146.504543
474.071983,146.504543
474.199012,146.504543
474.326041,146.504543
474.453070,146.504543
474.580099,146.504543
474.707128,146.504543
474.834157,146.461785
475.469301,147.017638
475.596330,147.017638
475.723359,147.017638
475.850388,147.017638
475.977417,147.017638
476.104446,147.017638
476.231475,147.103153
476.358504,147.103153
476.485533,147.274185
476.612562,147.274185
476.739591,147.274185
476.866620,147.274185
476.993649,147.274185
477.120677,147.274185
477.247706,147.274185
477.374735,147.274185
477.501764,147.274185
477.628793,147.231427
477.755822,147.188669
477.882851,147.145911
478.263938,147.188669
478.390967,147.188669
478.517996,147.188669
478.645025,148.172100
478.772054,148.214858
478.899083,148.257616
479.026112,148.300374
479.153140,148.599679
479.280169,148.642437
479.407198,148.642437
479.534227,148.642437
479.661256,148.642437
479.788285,148.642437
479.915314,148.642437
480.042343,148.642437
484.107269,146.504543
484.234298,146.504543
484.361327,146.504543
484.488356,146.504543
484.615385,146.504543
484.742414,146.504543
484.869442,146.504543
484.996471,146.461785
485.123500,146.419027
485.250529,146.376269
485.377558,146.162480
485.504587,146.119722
486.012703,145.905933
486.139732,146.247996
486.266761,146.247996
486.393790,146.247996
486.520819,146.247996
486.647848,146.247996
486.774876,148.343132
486.901905,148.385890
487.028934,148.514164
487.155963,148.556921
487.282992,148.556921
487.410021,148.556921
487.537050,149.369321
487.664079,149.412079
487.791108,149.497595
487.918137,149.497595
488.045166,149.497595
488.172195,149.497595
488.299224,149.497595
488.426253,149.497595
488.553282,149.497595
488.680311,149.497595
488.807339,148.727953
488.934368,148.727953
489.061397,148.214858
489.188426,148.214858
489.315455,148.172100
489.442484,147.787280
489.569513,147.744522
489.696542,147.701764
489.823571,147.659006
489.950600,146.675575
490.077629,146.675575
490.204658,147.017638
490.331687,147.017638
490.458716,147.017638
490.585745,147.017638
490.712773,147.188669
490.839802,147.188669
490.966831,147.359701
491.093860,147.359701
491.220889,147.530732
491.347918,147.530732
491.474947,147.530732
491.601976,147.530732
491.729005,148.129343
491.856034,148.172100
491.983063,148.214858
492.110092,148.257616
492.237121,148.257616
492.364150,148.257616
492.491179,148.257616
492.618207,148.257616
492.745236,148.257616
492.872265,148.257616
492.999294,148.214858
493.126323,148.172100
493.253352,147.188669
493.380381,147.188669
493.507410,147.188669
493.634439,147.145911
493.761468,146.504543
493.888497,146.504543
494.015526,146.504543
494.142555,146.504543
494.269584,146.504543
494.396613,146.504543
494.523641,146.504543
494.650670,146.504543
494.777699,146.504543
494.904728,146.504543
495.031757,146.504543
495.158786,146.461785
495.285815,146.419027
495.412844,146.376269
495.539873,144.238375
495.666902,144.238375
495.793931,144.238375
495.920960,144.238375
496.047989,144.238375
496.175018,144.238375
496.302047,144.238375
496.429076,144.238375
496.556104,146.333511
496.683133,147.188669
496.810162,147.274185
496.937191,147.274185
497.064220,147.274185
497.191249,147.274185
497.318278,147.274185
497.445307,147.274185
497.572336,147.274185
497.699365,147.274185
497.826394,147.616248
497.953423,147.616248
498.080452,147.701764
498.207481,147.701764
498.334510,147.787280
498.461538,147.787280
498.588567,147.787280
498.715596,147.787280
498.842625,147.787280
498.969654,147.787280
499.096683,147.787280
499.223712,147.744522
499.350741,146.162480
499.477770,146.119722
499.604799,145.991448
499.731828,145.991448
499.858857,145.991448
499.985886,145.948691
500.112915,144.238375
500.239944,144.238375
500.366972,144.238375
500.494001,144.238375
500.621030,144.238375
500.748059,144.238375
500.875088,144.195617
501.002117,144.195617
501.129146,144.195617
501.256175,144.195617
501.383204,144.195617
501.510233,144.195617
501.637262,144.238375
501.764291,144.238375
501.891320,144.238375
502.018349,144.238375
502.145378,144.238375
502.272406,144.238375
502.399435,146.419027
502.526464,146.419027
502.653493,146.761090
502.780522,146.761090
502.907551,146.846606
503.034580,146.846606
503.161609,147.701764
503.288638,147.701764
503.415667,147.787280
503.542696,147.787280
503.669725,147.787280
503.796754,147.787280
503.923783,147.787280
504.050812,147.787280
504.177841,147.787280
504.304869,147.787280
504.431898,147.787280
504.558927,147.787280
504.685956,147.787280
504.812985,147.787280
504.940014,147.787280
505.067043,147.744522
505.194072,146.675575
505.321101,146.675575
505.448130,146.675575
505.575159,146.632817
505.702188,146.419027
505.829217,146.376269
505.956246,146.247996
506.083275,146.247996
506.210303,146.247996
506.337332,146.247996
506.464361,146.247996
506.591390,146.247996
506.718419,146.247996
506.845448,146.205238
507.226535,144.238375
507.353564,144.238375
507.480593,144.238375
507.607622,144.238375
507.734651,144.238375
507.861680,144.238375
507.988709,144.238375
508.115737,144.238375
508.242766,144.238375
508.369795,144.238375
508.496824,144.238375
508.623853,144.238375
508.750882,144.238375
508.877911,144.238375
509.004940,144.238375
509.131969,144.238375
509.513056,146.247996
509.640085,146.247996
509.767114,146.247996
510.021171,146.675575
510.148200,146.675575
510.275229,146.761090
510.402258,146.761090
510.529287,146.761090
510.656316,146.761090
510.783345,146.761090
510.910374,146.761090
511.037403,146.761090
511.164432,146.761090
511.291461,146.761090
511.418490,146.761090
511.545519,146.761090
511.672548,146.718332
511.926606,146.205238
512.053634,145.991448
512.180663,145.948691
512.561750,144.238375
512.688779,144.238375
512.815808,144.238375
512.942837,144.238375
513.069866,144.238375
513.196895,144.238375
513.323924,144.238375
513.450953,144.238375
513.577982,143.169428
513.705011,143.126670
513.832040,143.083912
513.959068,143.041154
514.086097,142.998397
514.213126,142.955639
514.340155,142.912881
514.467184,142.870123
514.594213,143.126670
514.721242,143.126670
514.848271,143.212186
514.975300,143.212186
515.102329,143.212186
515.229358,143.212186
515.356387,143.212186
515.483416,143.212186
515.610445,143.212186
515.737474,143.212186
515.864502,146.419027
515.991531,146.419027
516.118560,146.504543
516.245589,146.504543
516.372618,146.504543
516.499647,146.504543
516.626676,146.504543
516.753705,146.504543
516.880734,146.504543
517.007763,146.504543
517.134792,146.504543
517.261821,146.504543
517.388850,147.017638
517.515879,147.017638
517.642908,147.274185
517.769936,147.274185
517.896965,147.274185
518.023994,147.274185
518.151023,147.274185
518.278052,147.274185
518.405081,147.274185
518.532110,147.274185
518.659139,147.274185
518.786168,147.274185
518.913197,147.274185
519.040226,147.274185
519.167255,149.241048
519.294284,149.497595
519.421313,149.497595
519.548342,149.497595
519.675371,149.497595
519.802399,149.497595
519.929428,149.497595
520.056457,149.497595
520.183486,149.497595
520.310515,149.497595
520.437544,149.497595
520.818631,151.592731
520.945660,151.635489
521.072689,152.490647
521.199718,152.490647
521.326747,152.832710
521.453776,152.832710
521.580805,153.089257
521.707833,153.089257
521.834862,153.602352
521.961891,153.602352
522.088920,153.602352
522.215949,153.602352
522.342978,153.602352
522.470007,153.602352
522.597036,154.029931
522.724065,154.029931
522.851094,154.371994
522.978123,154.371994
523.105152,154.371994
523.232181,154.371994
523.359210,156.082309
523.486239,156.082309
523.613267,156.167825
523.740296,156.167825
523.867325,156.167825
523.994354,156.167825
524.121383,156.167825
524.248412,156.167825
524.375441,156.167825
524.502470,156.125067
524.629499,156.082309
524.756528,156.039551
524.883557,154.371994
525.010586,154.371994
525.137615,154.371994
525.264644,154.371994
525.391673,154.115446
525.518701,154.115446
525.645730,154.115446
525.772759,154.115446
525.899788,154.115446
526.026817,154.115446
526.153846,154.029931
526.280875,154.029931
526.407904,152.747194
526.534933,152.747194
526.661962,149.497595
526.788991,149.497595
526.916020,149.497595
527.043049,149.497595
527.170078,149.497595
527.297107,149.241048
527.424135,149.198290
527.551164,148.514164
527.678193,148.514164
527.805222,148.428648
527.932251,148.428648
528.186309,145.948691
528.313338,145.948691
528.440367,145.948691
528.821454,146.461785
528.948483,146.461785
529.075512,146.461785
529.202541,146.461785
529.329570,146.461785
529.456598,146.461785
529.583627,146.461785
529.710656,146.461785
529.837685,146.461785
529.964714,146.461785
530.091743,144.238375
530.218772,144.238375
530.345801,144.238375
530.472830,144.238375
530.599859,144.195617
530.726888,144.152859
530.853917,144.152859
530.980946,144.152859
531.107975,144.152859
531.235004,144.152859
531.362032,144.152859
531.489061,144.152859
531.616090,143.511491
531.743119,143.468733
531.870148,143.725281
531.997177,143.725281
532.124206,143.896312
532.251235,143.896312
532.378264,145.948691
532.505293,145.948691
532.632322,145.948691
532.759351,145.948691
532.886380,145.948691
533.013409,145.948691
533.140438,145.948691
533.267466,145.948691
533.394495,145.863175
533.521524,145.863175
534.664785,144.238375
534.791814,144.238375
534.918843,144.238375
535.045872,144.238375
535.172900,144.238375
535.299929,144.238375
535.426958,144.238375
535.553987,144.238375
535.681016,144.024586
535.808045,143.981828
535.935074,143.853554
536.062103,143.810796
536.189132,143.083912
536.316161,143.041154
536.443190,142.870123
536.570219,142.870123
536.697248,142.870123
536.824277,142.870123
537.078335,142.442544
537.205363,142.442544
541.270289,137.568145
541.397318,137.824693
541.524347,137.824693
541.651376,137.824693
541.778405,137.824693
541.905434,137.995724
542.032463,137.995724
542.159492,138.337787
542.286521,138.337787
542.413550,138.765366
542.540579,138.765366
542.667608,138.765366
542.794637,138.765366
542.921665,138.765366
543.048694,138.765366
543.175723,138.765366
543.302752,138.765366
543.429781,138.765366
543.556810,138.765366
543.683839,138.594335
543.810868,138.594335
543.937897,138.594335
544.064926,138.594335
544.191955,138.594335
544.318984,138.594335
544.446013,138.594335
544.573042,138.594335
544.700071,138.337787
544.827100,138.337787
544.954128,138.337787
545.081157,138.337787
545.208186,138.936398
545.335215,138.936398
545.462244,139.021913
545.589273,139.021913
545.716302,139.021913
545.843331,139.021913
545.970360,139.021913
546.097389,139.021913
546.224418,139.021913
546.351447,139.021913
546.478476,139.107429
546.605505,139.107429
546.732534,139.107429
546.859562,139.107429
546.986591,139.107429
547.113620,139.107429
547.240649,139.107429
547.367678,139.107429
547.494707,139.107429
547.621736,139.107429
547.748765,139.107429
547.875794,139.107429
548.002823,138.594335
548.129852,138.594335
548.256881,137.311598
548.383910,137.311598
548.510939,137.311598
548.637968,137.311598
548.764996,137.311598
548.892025,137.311598
549.019054,136.798503
549.146083,136.798503
549.273112,136.798503
549.400141,136.798503
549.527170,136.798503
549.654199,136.798503
549.781228,136.798503
549.908257,136.798503
550.035286,136.884019
550.162315,136.884019
550.289344,137.055051
550.416373,137.055051
550.543402,138.337787
550.670430,138.337787
550.797459,138.337787
550.924488,138.337787
551.051517,138.594335
551.178546,138.594335
551.305575,138.594335
551.432604,138.594335
551.559633,139.021913
551.686662,139.021913
551.813691,139.107429
551.940720,139.107429
552.067749,139.107429
552.194778,139.107429
552.321807,139.107429
552.448836,139.107429
552.575865,139.107429
552.702893,139.107429
554.608327,139.107429
554.735356,139.107429
554.862385,139.107429
554.989414,139.107429
555.116443,139.107429
555.243472,139.107429
555.370501,139.107429
555.497530,139.107429
555.624559,139.107429
555.751588,139.107429
559.562456,140.860502
559.689485,140.860502
559.816514,140.860502
559.943543,140.860502
560.070572,140.860502
560.197601,140.860502
560.324629,140.860502
560.451658,139.107429
560.578687,139.107429
560.705716,139.107429
560.832745,139.107429
560.959774,139.107429
561.086803,139.107429
561.213832,139.107429
561.340861,139.107429
565.024700,141.330839
565.151729,141.373597
565.278758,141.416355
565.405787,141.416355
565.532816,141.416355
565.659845,141.416355
565.786874,141.416355
565.913903,141.416355
566.040932,141.416355
566.167960,141.416355
567.565279,139.107429
567.692308,139.107429
567.819337,139.107429
567.946366,139.107429
568.073394,139.107429
568.200423,139.107429
568.327452,139.107429
568.454481,139.107429
568.581510,139.107429
568.708539,139.107429
568.835568,139.107429
568.962597,139.107429
569.089626,139.107429
569.216655,139.107429
570.359915,141.416355
570.486944,141.416355
570.613973,141.416355
570.741002,141.416355
570.868031,141.416355
570.995060,141.416355
571.122089,141.416355
571.249118,141.416355
571.376147,141.416355
571.503176,141.416355
571.630205,139.107429
571.757234,139.107429
571.884263,139.107429
572.011291,139.107429
572.138320,139.107429
572.265349,139.107429
572.392378,139.107429
572.519407,139.107429
572.646436,138.252272
572.773465,138.252272
572.900494,137.653661
573.027523,137.653661
573.154552,137.653661
573.281581,137.653661
573.408610,137.568145
573.535639,137.568145
573.662668,137.568145
573.789697,137.568145
573.916725,137.568145
574.043754,137.568145
574.170783,137.055051
574.297812,137.055051
574.424841,137.055051
574.551870,137.055051
574.678899,137.995724
574.805928,137.995724
574.932957,138.594335
575.059986,138.594335
575.187015,138.594335
575.314044,138.594335
575.441073,138.594335
575.568102,138.594335
575.695131,139.107429
575.822159,139.107429
575.949188,139.107429
576.076217,139.107429
576.203246,139.107429
576.330275,139.107429
576.457304,139.107429
576.584333,139.107429
577.727594,138.679850
577.854622,138.679850
577.981651,138.679850
578.108680,138.679850
578.235709,138.679850
578.362738,138.679850
578.489767,138.679850
578.616796,138.679850
578.743825,138.337787
578.870854,138.337787
578.997883,138.337787
579.124912,138.337787
579.251941,137.910208
579.378970,137.910208
579.505999,137.226082
579.633028,137.226082
579.760056,136.114377
579.887085,136.114377
580.014114,136.114377
580.141143,136.114377
581.030346,136.370925
581.157375,136.370925
581.284404,136.541956
581.411433,136.541956
581.538462,136.541956
581.665490,136.541956
581.792519,136.541956
581.919548,136.541956
582.046577,137.568145
582.173606,137.568145
582.300635,137.824693
582.427664,137.824693
582.554693,137.824693
582.681722,137.824693
582.808751,137.824693
582.935780,137.824693
583.062809,137.824693
583.189838,137.824693
583.570924,137.824693
583.697953,137.824693
583.824982,137.824693
583.952011,137.824693
584.079040,137.824693
584.206069,137.824693
584.333098,137.824693
584.460127,137.824693
584.587156,137.311598
584.714185,137.311598
584.841214,136.285409
584.968243,136.285409
585.095272,136.285409
585.222301,136.285409
585.349330,136.199893
585.476359,136.199893
585.603387,134.233030
585.730416,134.233030
585.857445,134.233030
585.984474,134.233030
586.111503,134.233030
586.238532,134.233030
586.365561,134.233030
586.492590,133.805452
586.619619,133.805452
586.746648,133.805452
586.873677,133.805452
587.000706,133.035810
587.127735,133.035810
587.254764,132.864778
587.381793,132.864778
587.508821,132.779262
587.635850,132.779262
587.762879,132.779262
587.889908,132.779262
588.016937,130.726884
588.143966,130.726884
588.270995,129.059327
588.398024,129.059327
588.525053,129.059327
588.652082,129.059327
588.779111,131.753073
588.906140,131.753073
589.033169,131.753073
589.160198,131.753073
589.287227,132.608231
589.414255,132.608231
589.541284,133.121325
589.668313,133.121325
589.795342,133.121325
589.922371,133.121325
590.049400,133.121325
590.176429,133.121325
590.303458,133.121325
590.430487,133.121325
590.557516,133.121325
590.684545,133.121325
590.811574,133.121325
590.938603,133.121325
591.065632,133.121325
591.192661,133.121325
591.319689,131.753073
591.446718,131.753073
591.573747,131.068947
591.700776,131.068947
591.827805,128.075895
591.954834,128.075895
592.081863,127.904864
592.208892,127.904864
592.335921,127.904864
592.462950,127.904864
592.589979,127.904864
592.717008,127.904864
592.844037,127.477285
592.971066,127.477285
593.098095,127.562801
593.225124,127.562801
593.352152,129.059327
593.479181,129.059327
593.606210,129.059327
593.733239,129.059327
593.860268,129.059327
593.987297,129.059327
594.114326,129.059327
594.241355,129.059327
594.368384,129.059327
598.433310,126.964190
598.560339,126.964190
598.687368,127.477285
598.814397,127.477285
598.941426,127.904864
599.068454,127.904864
599.195483,127.990379
599.322512,127.990379
599.449541,128.246927
599.576570,128.246927
599.703599,128.246927
599.830628,128.246927
599.957657,128.246927
600.084686,128.246927
600.211715,128.246927
600.338744,128.246927
600.465773,128.246927
600.592802,128.246927
600.719831,128.246927
600.846860,128.246927
600.973888,127.904864
601.100917,127.904864
601.227946,126.707643
601.354975,126.707643
601.482004,126.793159
601.609033,126.793159
601.736062,126.793159
601.863091,126.793159
601.990120,126.793159
602.117149,126.793159
602.244178,126.793159
602.371207,126.793159
602.498236,126.707643
602.625265,126.707643
602.752294,126.707643
602.879323,126.707643
603.006351,126.707643
603.133380,126.707643
603.260409,126.707643
603.387438,126.707643
603.514467,126.964190
603.641496,126.964190
603.768525,127.220738
603.895554,127.220738
604.022583,127.220738
604.149612,127.220738
604.276641,127.990379
604.403670,127.990379
604.530699,127.990379
604.657728,127.990379
604.784757,127.990379
604.911785,127.990379
605.038814,127.990379
605.165843,127.990379
606.563162,129.059327
606.690191,129.059327
606.817219,129.059327
606.944248,129.059327
607.071277,129.059327
607.198306,129.059327
607.325335,129.059327
607.452364,129.059327
607.579393,129.059327
607.706422,129.059327
607.833451,129.059327
607.960480,129.059327
608.087509,130.726884
608.214538,130.726884
608.341567,130.726884
608.468596,130.726884
608.595625,130.726884
608.722653,130.726884
608.849682,131.753073
608.976711,131.753073
609.103740,132.779262
609.230769,132.779262
609.357798,132.779262
609.484827,132.779262
609.611856,132.779262
609.738885,132.779262
609.865914,132.779262
609.992943,132.779262
610.119972,132.779262
610.247001,132.779262
610.374030,132.779262
610.501059,132.779262
610.628088,132.095136
610.755116,132.095136
610.882145,132.009621
611.009174,132.009621
611.136203,131.924105
611.263232,131.924105
611.390261,132.180652
611.517290,132.180652
611.644319,132.266168
611.771348,132.266168
611.898377,132.266168
612.025406,132.266168
612.152435,132.351684
612.279464,132.351684
612.406493,133.292357
612.533522,133.292357
612.660550,133.292357
612.787579,133.292357
612.914608,133.292357
613.041637,133.292357
613.168666,133.292357
613.295695,133.292357
613.422724,133.206841
613.549753,133.206841
613.676782,133.035810
613.803811,133.035810
613.930840,133.035810
614.057869,133.035810
614.184898,132.693747
614.311927,132.693747
614.693013,133.463389
614.820042,133.463389
614.947071,134.318546
615.074100,134.318546
615.201129,134.318546
615.328158,134.318546
615.455187,134.318546
615.582216,134.318546
615.709245,134.318546
615.836274,134.318546
615.963303,134.318546
616.090332,134.318546
616.217361,134.318546
616.344390,134.318546
616.471418,134.318546
616.598447,134.318546
616.725476,134.318546
616.852505,134.318546
616.979534,134.318546
617.106563,134.318546
617.233592,134.318546
617.360621,134.318546
617.487650,134.318546
617.614679,134.318546
617.741708,134.318546
617.868737,134.318546
617.995766,134.318546
618.122795,134.318546
618.249824,132.180652
618.376853,132.180652
618.757939,130.726884
618.884968,130.726884
619.011997,130.812400
619.139026,130.812400
619.266055,130.812400
619.393084,130.812400
619.520113,130.812400
619.647142,130.812400
619.774171,130.812400
619.901200,130.812400
620.536344,129.059327
620.663373,129.059327
620.790402,129.059327
620.917431,129.059327
621.044460,129.059327
621.171489,129.059327
621.298518,129.059327
621.425547,129.059327
621.552576,129.059327
621.679605,129.059327
621.806634,129.059327
621.933663,129.059327
622.060692,129.059327
622.187721,129.059327
622.314749,129.059327
622.441778,129.059327
622.568807,129.059327
622.695836,129.059327
622.822865,130.983431
622.949894,130.983431
623.076923,131.924105
623.203952,131.924105
623.330981,132.095136
623.458010,132.095136
623.585039,132.095136
623.712068,132.095136
623.839097,133.035810
623.966126,133.035810
624.093155,133.035810
624.220183,133.035810
624.347212,133.976483
624.474241,133.976483
624.601270,134.147515
624.728299,134.147515
624.855328,134.318546
624.982357,134.318546
625.109386,134.318546
625.236415,134.318546
625.363444,134.318546
625.490473,134.318546
625.617502,134.318546
625.744531,134.318546
625.871560,134.318546
625.998589,134.318546
626.125618,134.318546
626.252646,134.318546
626.379675,134.318546
626.506704,136.456440
626.633733,136.456440
626.760762,137.824693
626.887791,137.824693
627.014820,137.824693
627.141849,137.824693
627.268878,137.824693
627.395907,137.824693
627.522936,137.824693
627.649965,137.824693
628.031052,137.824693
628.158080,137.824693
628.285109,137.824693
628.412138,137.824693
628.539167,137.824693
628.666196,137.824693
628.793225,137.824693
628.920254,137.824693
629.047283,137.568145
629.174312,137.568145
629.301341,137.824693
629.428370,137.824693
629.555399,138.850882
629.682428,138.850882
629.809457,138.850882
629.936486,138.850882
630.063514,138.850882
630.190543,138.850882
630.317572,139.107429
630.444601,139.107429
630.571630,139.107429
630.698659,139.107429
630.825688,139.107429
630.952717,139.107429
631.079746,139.107429
631.206775,139.107429
631.333804,139.107429
631.460833,139.107429
631.587862,139.107429
631.714891,139.107429
631.841920,139.107429
631.968948,139.107429
632.095977,138.936398
632.223006,138.936398
632.350035,138.936398
632.477064,138.936398
632.604093,138.850882
632.731122,138.850882
632.858151,138.081240
632.985180,138.081240
633.112209,137.653661
633.239238,137.653661
633.366267,137.653661
633.493296,137.653661
633.874382,137.568145
634.001411,137.568145
634.128440,137.910208
634.255469,137.910208
634.382498,137.910208
634.509527,137.910208
634.636556,137.910208
634.763585,137.910208
634.890614,138.337787
635.017643,138.337787
635.144672,138.337787
635.271701,138.337787
635.398730,138.337787
635.525759,138.337787
635.652788,138.337787
635.779817,138.337787
638.701482,141.587386
638.828511,141.587386
638.955540,141.672902
639.082569,141.672902
639.209598,141.672902
639.336627,141.672902
639.463656,141.672902
639.590685,141.672902
639.717713,141.672902
639.844742,141.672902
639.971771,141.672902
640.098800,141.672902
640.225829,141.416355
640.352858,141.416355
640.479887,141.416355
640.606916,141.416355
640.733945,141.159808
640.860974,141.159808
640.988003,141.159808
641.115032,141.159808
641.242061,141.245323
641.369090,141.245323
641.496119,141.330839
641.623147,141.330839
641.750176,141.330839
641.877205,141.330839
642.004234,141.330839
642.131263,141.330839
642.258292,141.330839
642.385321,141.330839
642.766408,141.416355
642.893437,141.416355
643.020466,141.416355
643.147495,141.416355
643.274524,141.416355
643.401553,141.416355
643.528582,141.416355
643.655610,141.416355
645.561044,141.672902
645.688073,141.672902
645.815102,141.758418
646.069160,142.699091
646.196189,142.699091
646.323218,142.870123
646.450247,142.870123
646.577276,142.955639
646.704305,142.955639
646.831334,142.955639
646.958363,142.955639
647.085392,142.955639
647.212421,142.955639
647.339450,142.955639
647.466478,142.955639
647.593507,142.955639
647.720536,142.955639
647.847565,142.955639
647.974594,142.912881
648.101623,141.929449
648.228652,141.929449
648.355681,142.442544
648.482710,142.442544
648.609739,142.528060
648.736768,142.528060
648.863797,143.212186
648.990826,143.810796
649.117855,143.810796
649.244884,143.810796
649.371912,143.810796
649.498941,143.810796
649.625970,143.810796
649.752999,143.810796
649.880028,143.810796
650.007057,143.340460
650.515173,143.981828
650.642202,143.981828
650.769231,143.981828
650.896260,143.981828
651.023289,143.981828
651.150318,143.981828
651.277347,143.981828
651.404375,143.981828
651.531404,143.981828
655.850388,144.152859
655.977417,144.152859
656.104446,144.152859
656.231475,144.152859
656.358504,144.152859
656.485533,144.152859
656.612562,144.152859
656.739591,144.152859
656.866620,143.981828
656.993649,143.981828
657.120677,143.981828
657.247706,143.981828
657.374735,143.725281
657.501764,143.725281
657.628793,143.340460
657.755822,142.699091
657.882851,142.699091
658.009880,142.699091
658.136909,142.699091
658.263938,142.699091
658.390967,142.699091
658.517996,143.126670
658.645025,143.425975
658.772054,143.468733
658.899083,143.468733
659.026112,143.468733
659.153140,143.468733
659.280169,143.468733
659.407198,143.468733
659.534227,143.468733
659.661256,143.639765
659.788285,143.639765
659.915314,143.810796
660.042343,143.810796
660.169372,144.238375
660.296401,144.238375
660.423430,145.863175
660.550459,145.863175
660.677488,146.034206
660.804517,146.034206
660.931546,146.034206
661.058574,146.034206
661.185603,146.034206
661.312632,146.034206
661.439661,146.034206
661.566690,146.034206
661.693719,146.034206
661.820748,146.034206
661.947777,145.948691
662.074806,145.948691
662.709951,144.238375
662.836980,144.238375
662.964008,144.238375
663.091037,144.238375
663.218066,144.238375
663.345095,144.238375
663.472124,144.238375
663.599153,144.238375
663.726182,144.238375
663.853211,144.238375
663.980240,144.238375
664.107269,144.238375
664.234298,144.238375
664.361327,144.238375
665.758645,144.238375
665.885674,144.238375
666.012703,144.238375
666.139732,144.238375
666.266761,144.238375
666.393790,144.238375
666.520819,144.238375
666.647848,144.238375
666.774876,144.238375
666.901905,144.238375
667.028934,144.238375
667.155963,144.238375
667.282992,144.238375
667.410021,144.238375
667.537050,143.896312
667.664079,143.896312
667.791108,143.981828
667.918137,143.981828
668.045166,148.086585
668.172195,148.086585
668.299224,148.086585
668.426253,148.086585
668.553282,148.086585
668.680311,148.086585
668.807339,148.086585
668.934368,148.086585
669.061397,148.001069
669.188426,148.001069
669.442484,146.290754
669.569513,146.290754
669.696542,146.290754
673.380381,146.547301
673.507410,146.547301
673.634439,146.547301
673.761468,146.547301
673.888497,146.547301
674.015526,146.547301
674.142555,146.547301
674.269584,146.547301
674.396613,146.547301
674.523641,146.547301
674.650670,146.547301
674.777699,146.547301
674.904728,146.547301
675.031757,146.547301
675.158786,146.547301
675.285815,146.547301
675.412844,146.205238
675.539873,146.205238
675.666902,146.205238
675.793931,146.205238
676.429076,146.547301
676.556104,146.547301
676.683133,146.547301
676.810162,146.547301
676.937191,146.547301
677.064220,146.547301
677.191249,146.547301
677.318278,146.547301
677.445307,146.547301
677.572336,146.547301
677.699365,146.547301
677.826394,146.547301
677.953423,146.290754
678.080452,146.290754
678.207481,146.547301
678.334510,146.547301
678.461538,146.547301
678.588567,146.547301
678.715596,146.547301
678.842625,146.547301
678.969654,146.547301
679.096683,146.547301
679.223712,146.547301
679.350741,146.547301
679.477770,146.547301
679.604799,146.547301
679.731828,146.461785
679.858857,146.461785
681.510233,146.547301
681.637262,146.547301
681.764291,146.547301
681.891320,146.547301
682.018349,146.547301
682.145378,146.547301
682.272406,146.547301
682.399435,146.547301
682.526464,146.718332
682.653493,146.718332
682.780522,147.316943
682.907551,147.316943
683.034580,147.316943
683.161609,147.316943
683.288638,147.316943
683.415667,147.316943
683.542696,147.316943
683.669725,147.316943
683.796754,147.316943
683.923783,147.316943
684.050812,147.316943
684.177841,147.316943
684.304869,147.231427
684.431898,147.231427
684.558927,145.948691
684.685956,145.948691
684.812985,145.948691
684.940014,145.948691
685.067043,144.238375
685.194072,144.238375
685.321101,144.238375
685.448130,144.238375
685.575159,143.468733
685.702188,143.468733
685.829217,143.468733
685.956246,143.468733
686.083275,143.682523
686.210303,143.725281
686.337332,143.725281
686.464361,143.725281
686.591390,143.725281
686.718419,143.725281
686.845448,143.725281
686.972477,143.725281
690.910374,144.238375
691.037403,144.238375
691.164432,144.238375
691.291461,144.238375
691.418490,144.238375
691.545519,144.238375
691.672548,144.238375
691.799577,144.238375
691.926606,143.981828
692.053634,143.981828
692.180663,143.810796
692.307692,143.810796
692.434721,143.810796
692.561750,143.810796
692.688779,143.725281
692.815808,143.725281
692.942837,143.939070
693.069866,143.981828
693.196895,144.238375
693.323924,144.238375
693.450953,144.238375
693.577982,144.238375
693.705011,144.238375
693.832040,144.238375
693.959068,144.238375
694.086097,144.238375
694.467184,143.853554
694.594213,143.896312
694.721242,144.238375
694.848271,144.238375
694.975300,144.238375
695.102329,144.238375
695.229358,144.238375
695.356387,144.238375
695.483416,144.238375
695.610445,144.238375
695.737474,144.238375
695.864502,144.238375
695.991531,144.238375
698.278052,144.238375
698.405081,144.238375
698.532110,144.238375
698.659139,144.238375
698.786168,144.238375
698.913197,144.238375
699.040226,144.238375
699.167255,144.238375
699.294284,143.212186
699.421313,143.212186
699.548342,143.212186
699.675371,143.212186
699.802399,143.212186
699.929428,143.212186
700.056457,143.212186
700.183486,143.212186
700.310515,143.212186
700.437544,143.212186
700.564573,143.853554
700.691602,143.896312
700.818631,143.896312
700.945660,143.896312
701.072689,144.238375
701.199718,144.238375
701.326747,144.238375
701.453776,144.238375
701.580805,146.034206
701.707833,146.034206
701.834862,146.034206
701.961891,146.034206
702.088920,146.034206
702.215949,146.034206
702.342978,146.034206
702.470007,146.034206
702.597036,146.034206
702.724065,146.034206
702.851094,146.034206
702.978123,146.034206
703.105152,144.238375
703.232181,144.238375
703.359210,144.238375
703.486239,144.238375
703.613267,144.152859
703.740296,144.152859
703.867325,143.896312
703.994354,143.896312
704.121383,146.803848
704.248412,146.803848
704.375441,146.889364
704.502470,146.889364
704.629499,146.889364
704.756528,146.889364
704.883557,146.889364
705.010586,146.889364
705.137615,148.770711
705.264644,148.770711
705.391673,149.027258
705.518701,149.027258
705.645730,149.027258
705.772759,149.027258
705.899788,149.027258
706.026817,149.027258
706.153846,149.027258
706.280875,149.027258
706.407904,148.941742
706.534933,148.941742
706.661962,147.402459
706.788991,147.402459
706.916020,147.316943
707.043049,147.316943
707.170078,146.803848
707.424135,146.803848
711.489061,146.803848
711.616090,146.803848
711.743119,146.803848
711.870148,146.803848
711.997177,146.803848
712.124206,146.803848
712.251235,146.803848
712.378264,146.803848
712.505293,146.803848
712.632322,146.803848
712.759351,146.119722
712.886380,146.119722
714.537756,144.110102
714.664785,144.152859
714.791814,144.238375
714.918843,144.238375
715.045872,144.238375
715.172900,144.238375
715.299929,144.238375
715.426958,144.238375
715.553987,146.290754
715.681016,146.290754
715.808045,146.290754
715.935074,146.290754
716.062103,146.290754
716.189132,146.290754
716.316161,146.290754
716.443190,146.290754
716.570219,146.290754
716.697248,152.063068
716.824277,152.105826
716.951306,152.319615
717.078335,152.362373
717.205363,152.405131
717.332392,152.447889
717.459421,152.447889
717.586450,152.447889
717.713479,152.447889
717.840508,152.447889
717.967537,152.447889
718.094566,152.447889
718.221595,152.362373
718.348624,152.362373
718.475653,152.276857
718.602682,152.276857
718.729711,151.721005
718.856740,146.034206
718.983769,146.034206
719.110797,145.948691
719.237826,145.948691
719.364855,146.034206
719.491884,146.034206
719.618913,146.119722
719.745942,146.119722
719.872971,146.119722
720.000000,146.119722
720.127029,146.119722
720.254058,146.119722
720.381087,146.119722
720.508116,146.119722
720.635145,146.290754
720.762174,146.290754
720.889203,146.290754
721.016231,146.290754
721.143260,146.290754
721.270289,146.290754
721.397318,146.290754
721.524347,146.290754
721.651376,146.290754
721.778405,146.290754
721.905434,146.290754
722.032463,146.290754
722.159492,146.290754
722.286521,146.290754
722.413550,146.290754
722.540579,146.290754
722.667608,146.290754
722.794637,146.290754
722.921665,146.034206
723.048694,146.034206
723.175723,146.034206
723.302752,146.034206
723.429781,146.034206
723.556810,146.034206
723.683839,146.034206
723.810868,146.034206
723.937897,145.948691
724.064926,145.948691
724.446013,146.547301
724.573042,146.547301
724.700071,146.547301
724.827100,146.547301
724.954128,146.547301
725.081157,146.547301
725.208186,147.573490
725.335215,147.573490
725.462244,147.744522
725.589273,147.744522
725.716302,147.830037
725.843331,147.830037
725.970360,147.830037
726.097389,147.830037
726.224418,147.830037
726.351447,147.830037
726.478476,147.830037
726.605505,147.830037
726.732534,147.573490
726.859562,147.573490
726.986591,147.573490
727.113620,147.573490
727.240649,146.290754
727.367678,146.290754
727.494707,146.290754
727.621736,146.290754
727.748765,146.119722
727.875794,146.119722
728.002823,144.238375
728.129852,144.238375
728.256881,144.238375
728.383910,144.238375
728.637968,143.810796
728.764996,143.810796
728.892025,143.810796
729.019054,144.195617
729.146083,144.238375
729.273112,144.238375
729.400141,144.238375
729.527170,144.238375
729.654199,144.238375
729.781228,144.238375
729.908257,144.238375
731.559633,146.034206
731.686662,146.034206
731.813691,146.034206
731.940720,146.034206
732.067749,146.290754
732.194778,146.290754
732.321807,146.290754
732.448836,146.290754
732.575865,146.290754
732.702893,146.290754
732.829922,146.290754
732.956951,146.290754
733.083980,146.290754
733.211009,146.290754
733.338038,146.205238
733.465067,146.205238
733.592096,144.238375
733.719125,144.238375
733.846154,144.238375
733.973183,144.238375
734.100212,144.238375
734.227241,144.238375
734.354270,144.238375
734.481299,144.238375
734.608327,144.238375
734.735356,144.238375
734.862385,144.238375
734.989414,144.238375
735.116443,144.238375
735.243472,144.238375
735.370501,144.238375
735.497530,144.238375
735.624559,144.238375
735.751588,144.238375
735.878617,144.238375
736.005646,144.238375
736.132675,144.238375
736.259704,144.238375
736.386733,144.238375
736.513761,144.238375
736.640790,144.238375
736.767819,144.238375
736.894848,144.238375
739.689485,144.238375
739.816514,144.238375
739.943543,144.238375
740.070572,144.238375
740.197601,144.238375
740.324629,144.238375
740.451658,144.238375
740.578687,144.238375
740.705716,144.238375
740.832745,144.238375
740.959774,144.238375
741.086803,144.238375
741.213832,144.238375
741.340861,144.238375
741.467890,144.238375
741.594919,144.238375
742.738179,144.238375
742.865208,144.238375
742.992237,144.238375
743.119266,144.238375
743.246295,144.238375
743.373324,144.238375
743.500353,144.238375
743.627382,144.238375
743.754411,144.152859
743.881440,144.152859
744.008469,143.810796
744.135498,143.810796
744.262526,144.238375
744.389555,144.238375
744.516584,144.238375
744.643613,144.238375
744.770642,144.238375
744.897671,144.238375
745.024700,144.238375
745.151729,144.238375
745.278758,144.238375
745.405787,144.238375
746.294989,144.238375
746.422018,144.238375
746.549047,144.238375
746.676076,144.238375
746.803105,144.238375
746.930134,144.238375
747.057163,144.238375
747.184192,144.238375
747.311221,143.981828
747.438250,143.981828
747.565279,144.238375
747.692308,144.238375
747.819337,144.238375
747.946366,144.238375
748.073394,146.034206
748.200423,146.034206
748.327452,147.744522
748.454481,147.744522
748.581510,147.830037
748.708539,147.830037
748.835568,147.830037
748.962597,147.830037
749.089626,147.830037
749.216655,147.830037
749.343684,147.830037
749.470713,147.830037
749.597742,147.830037
749.724771,147.830037
749.851800,147.744522
749.978829,147.744522
750.105857,147.573490
750.232886,147.573490
750.359915,147.316943
750.486944,147.316943
750.613973,147.316943
750.741002,147.316943
750.868031,146.290754
750.995060,146.290754
751.122089,146.205238
751.249118,146.205238
751.376147,142.057723
751.503176,140.903260
751.630205,140.903260
751.757234,140.903260
751.884263,140.860502
752.011291,138.765366
752.138320,138.722608
752.265349,138.594335
752.392378,138.551577
752.519407,138.166756
752.646436,137.910208
752.773465,137.910208
753.281581,138.936398
753.408610,138.936398
753.535639,139.107429
753.789697,141.159808
753.916725,141.159808
754.043754,141.416355
754.170783,141.416355
754.297812,141.501871
754.424841,141.501871
754.551870,141.501871
754.678899,141.501871
754.805928,141.501871
754.932957,141.501871
755.059986,141.501871
755.187015,141.501871
755.314044,141.501871
755.441073,141.459113
755.568102,141.416355
755.695131,141.373597
755.822159,140.988776
755.949188,140.946018
756.076217,139.107429
756.203246,139.107429
756.330275,139.107429
756.457304,139.107429
756.584333,139.107429
756.711362,139.107429
756.838391,139.107429
756.965420,139.107429
757.092449,139.107429
757.219478,139.107429
757.346507,139.107429
757.473536,139.107429
758.616796,140.860502
758.743825,140.903260
758.870854,140.903260
758.997883,140.903260
759.124912,140.903260
759.251941,140.903260
759.378970,140.903260
759.505999,141.245323
759.633028,141.288081
759.760056,141.330839
759.887085,141.630144
760.014114,141.886692
760.141143,141.886692
760.268172,141.972207
760.395201,141.972207
760.522230,141.972207
760.649259,141.972207
760.776288,141.972207
760.903317,141.972207
761.030346,141.972207
761.157375,141.972207
761.284404,141.972207
761.411433,141.972207
761.538462,141.929449
761.665490,141.886692
761.792519,141.801176
761.919548,141.117050
762.046577,141.117050
762.173606,139.064671
762.300635,139.064671
762.427664,139.064671
762.554693,139.064671
762.681722,139.064671
762.808751,139.064671
762.935780,138.466061
763.062809,138.466061
763.189838,137.354356
763.316867,137.354356
763.443896,137.268840
763.570924,137.268840
763.697953,137.097809
763.824982,137.097809
763.952011,137.097809
764.079040,137.097809
764.206069,137.097809
764.333098,137.097809
764.460127,136.926777
764.587156,136.926777
764.714185,137.097809
764.841214,137.097809
764.968243,137.097809
765.095272,137.097809
765.222301,137.097809
765.349330,137.097809
765.476359,137.097809
765.603387,137.097809
765.730416,137.097809
765.857445,137.097809
771.065632,138.380545
771.192661,138.380545
771.319689,138.380545
771.446718,138.380545
771.573747,138.380545
771.700776,138.423303
771.827805,138.466061
771.954834,138.508819
772.081863,139.107429
772.208892,139.107429
772.335921,139.107429
772.462950,139.107429
772.589979,139.107429
772.717008,139.107429
772.844037,139.107429
772.971066,139.107429
773.098095,139.107429
773.225124,139.107429
773.352152,138.893640
773.479181,138.893640
773.606210,138.722608
773.733239,138.722608
773.860268,138.637092
773.987297,138.637092
774.114326,138.637092
774.241355,138.637092
774.368384,137.781935
774.495413,137.781935
774.622442,137.354356
774.749471,137.354356
774.876500,137.952966
775.003529,137.995724
775.130558,137.995724
775.257586,138.166756
775.384615,139.107429
775.511644,139.107429
775.638673,140.860502
775.765702,140.860502
775.892731,140.860502
776.019760,140.860502
776.146789,141.202565
776.273818,142.314270
776.400847,142.314270
776.527876,143.768038
776.654905,143.768038
776.781934,143.939070
776.908963,143.939070
777.035992,144.195617
777.163020,144.195617
777.290049,144.238375
777.417078,144.238375
777.544107,144.238375
777.671136,144.238375
777.798165,144.238375
777.925194,144.238375
778.052223,144.238375
778.179252,144.238375
778.306281,144.238375
778.433310,144.238375
778.560339,144.238375
778.687368,144.238375
778.814397,144.238375
778.941426,144.238375
779.068454,144.238375
779.195483,144.238375
779.322512,144.238375
779.449541,144.238375
779.576570,143.981828
779.703599,143.939070
779.830628,143.939070
779.957657,143.939070
780.084686,143.383218
780.211715,143.340460
780.338744,142.870123
780.465773,142.827365
780.592802,142.699091
780.719831,142.656334
780.846860,142.656334
780.973888,142.656334
781.100917,142.656334
781.227946,142.656334
781.354975,142.656334
781.482004,142.656334
781.609033,142.656334
781.736062,142.656334
781.863091,142.613576
781.990120,142.570818
782.117149,142.528060
782.244178,142.485302
782.371207,142.442544
782.498236,142.399786
782.625265,141.117050
782.752294,141.117050
782.879323,141.117050
783.006351,141.117050
783.133380,141.074292
784.022583,139.064671
784.149612,139.064671
784.276641,139.064671
784.403670,139.064671
784.530699,139.064671
784.657728,139.064671
784.784757,139.064671
784.911785,139.064671
785.038814,138.808124
785.165843,138.808124
785.292872,138.808124
785.419901,138.808124
785.546930,138.808124
785.673959,138.808124
785.800988,138.123998
785.928017,138.123998
786.055046,136.755746
786.182075,136.755746
786.309104,137.012293
786.436133,137.012293
786.563162,137.097809
786.690191,137.097809
786.817219,137.097809
786.944248,137.097809
787.071277,137.097809
787.198306,137.097809
787.325335,137.097809
787.452364,137.097809
787.579393,137.097809
787.706422,137.097809
790.374030,136.071619
790.501059,136.071619
790.628088,136.841261
790.755116,136.841261
790.882145,136.841261
791.009174,136.841261
791.136203,136.841261
791.263232,136.841261
791.390261,136.841261
791.517290,136.841261
791.644319,137.097809
791.771348,137.097809
791.898377,137.268840
792.025406,137.268840
792.152435,137.354356
792.279464,137.354356
792.406493,137.696419
792.533522,137.696419
792.660550,138.123998
792.787579,138.123998
792.914608,138.123998
793.041637,138.123998
793.168666,138.123998
793.295695,138.123998
793.422724,138.123998
793.549753,138.123998
793.676782,138.038482
793.803811,138.038482
793.930840,137.610903
794.057869,137.610903
794.184898,134.318546
794.311927,134.318546
794.438956,134.318546
794.565984,134.318546
794.693013,134.275788
794.820042,134.275788
794.947071,134.019241
795.074100,134.019241
795.201129,133.463389
795.328158,133.420631
795.455187,134.019241
795.582216,134.019241
795.709245,134.019241
795.836274,134.019241
795.963303,134.019241
796.090332,134.019241
796.217361,134.019241
796.344390,134.019241
796.471418,134.019241
796.598447,134.019241
796.725476,134.019241
796.852505,134.019241
796.979534,134.019241
797.106563,134.019241
797.233592,134.019241
797.360621,134.019241
797.487650,134.275788
797.614679,134.275788
797.741708,134.275788
797.868737,134.275788
797.995766,134.275788
798.122795,134.275788
798.249824,134.275788
798.376853,134.275788
798.503881,134.275788
798.630910,134.275788
798.757939,134.275788
798.884968,134.275788
799.011997,134.275788
799.139026,134.275788
799.266055,133.848210
799.393084,133.848210
799.520113,133.762694
799.647142,133.762694
799.774171,133.762694
799.901200,133.762694
800.028229,133.762694
800.155258,133.762694
800.282287,133.762694
800.409315,133.762694
800.536344,133.762694
800.663373,133.762694
800.790402,133.249599
800.917431,133.249599
801.044460,133.249599
801.171489,133.249599
801.298518,133.249599
801.425547,133.249599
801.552576,133.249599
801.679605,133.249599
801.806634,133.121325
801.933663,133.078568
802.060692,132.095136
802.187721,132.052378
802.314749,132.009621
802.441778,131.966863
802.568807,131.325494
802.695836,131.282737
802.822865,131.282737
802.949894,131.282737
804.982357,129.059327
805.109386,129.059327
805.236415,129.059327
805.363444,129.059327
805.490473,129.059327
805.617502,129.059327
805.744531,129.059327
805.871560,129.059327
805.998589,128.888295
806.125618,128.888295
806.252646,127.862106
806.379675,127.862106
806.506704,127.691074
806.633733,127.691074
806.760762,127.691074
806.887791,127.691074
807.014820,126.408338
807.141849,126.408338
807.268878,127.691074
807.395907,127.691074
807.522936,127.691074
807.649965,127.691074
807.776994,128.375200
807.904023,128.375200
808.031052,128.460716
808.158080,128.503474
808.285109,129.059327
808.412138,129.059327
808.539167,129.059327
808.666196,129.059327
808.793225,129.059327
808.920254,129.059327
809.047283,129.059327
809.174312,129.059327
810.063514,129.059327
810.190543,129.059327
810.317572,129.059327
810.444601,129.059327
810.571630,129.059327
810.698659,129.059327
810.825688,129.059327
810.952717,129.059327
811.079746,128.888295
811.206775,128.888295
811.333804,128.118653
811.460833,128.118653
811.587862,128.118653
811.714891,128.118653
811.841920,127.691074
811.968948,127.691074
812.095977,127.263495
812.223006,127.263495
812.350035,127.006948
812.477064,127.006948
812.604093,126.664885
813.112209,127.177980
813.239238,127.177980
813.366267,127.177980
813.493296,127.177980
813.620325,128.375200
813.747354,128.417958
813.874382,128.546232
814.001411,128.588990
814.128440,129.059327
814.255469,129.059327
814.382498,129.059327
814.509527,129.059327
814.636556,129.059327
814.763585,129.059327
814.890614,129.059327
815.017643,129.059327
815.779817,130.684126
815.906845,130.684126
816.033874,131.026189
816.160903,131.026189
816.287932,131.026189
816.414961,131.026189
816.541990,131.026189
816.669019,131.026189
816.796048,131.026189
816.923077,131.026189
817.050106,131.026189
817.177135,131.026189
817.304164,130.983431
817.431193,130.940673
820.606916,131.453768
820.733945,131.453768
820.860974,131.539284
820.988003,131.539284
821.115032,131.624800
821.242061,131.624800
821.369090,133.420631
821.496119,133.420631
821.623147,133.677178
821.750176,133.677178
821.877205,133.762694
822.004234,133.762694
822.131263,133.762694
822.258292,133.762694
822.385321,133.762694
822.512350,133.762694
822.639379,133.762694
822.766408,133.762694
822.893437,133.762694
823.020466,133.762694
828.736768,132.736505
828.863797,132.736505
828.990826,136.071619
829.117855,136.071619
829.244884,136.071619
829.371912,136.071619
829.498941,136.071619
829.625970,136.071619
829.752999,136.071619
829.880028,136.071619
845.758645,136.926777
845.885674,136.926777
846.012703,136.926777
846.139732,136.926777
846.266761,136.926777
846.393790,136.926777
846.520819,136.926777
846.647848,136.969535
846.774876,137.012293
846.901905,137.012293
847.028934,137.012293
847.155963,137.012293
847.282992,137.012293
847.410021,137.012293
847.537050,137.012293
847.664079,137.012293
847.791108,137.012293
847.918137,137.012293
848.045166,137.012293
848.172195,137.012293
848.299224,128.246927
866.591390,154.371994
866.718419,154.371994
866.845448,154.371994
866.972477,154.371994
867.099506,154.371994
867.226535,154.371994
867.353564,154.371994
867.480593,154.371994
867.607622,154.286478
867.734651,154.286478
867.861680,152.490647
867.988709,152.490647
868.115737,152.490647
868.242766,157.450561
868.369795,157.450561
868.496824,157.493319
868.623853,157.493319
868.750882,157.493319
868.877911,157.493319
869.004940,157.493319
869.131969,157.493319
869.258998,157.493319
869.386027,157.493319
869.513056,156.680919
870.783345,156.851951
870.910374,156.851951
871.037403,157.493319
871.164432,157.493319
871.291461,157.493319
871.418490,157.493319
871.545519,157.493319
871.672548,157.493319
871.799577,157.493319
871.926606,157.493319
872.053634,156.552646
872.180663,154.371994
872.307692,154.371994
872.434721,154.371994
872.561750,154.371994
872.688779,154.371994
872.815808,154.371994
872.942837,147.701764
873.069866,147.701764
873.196895,146.504543
875.610445,103.874933
875.737474,103.874933
875.864502,103.874933
875.991531,103.874933
876.118560,103.874933
876.245589,103.874933
876.372618,103.874933
876.499647,103.874933
876.880734,96.862640
877.007763,96.862640
877.134792,96.862640
877.261821,96.862640
877.388850,96.862640
877.515879,96.862640
877.642908,96.862640
877.769936,96.862640
877.896965,96.862640
878.023994,96.862640
878.151023,96.007483
